bm report
kind: bench3d
kernel: v0.2.0
branch: bm-core
board: Pi Zero W
date: 2026-10-05 08:29:43
file: 20261005-082943_bench3d_pi-zero-w_v0.2.0.txt

bm 3D Bench
kernel v0.2.0
drivers bm3d 4.2 (M38)
date 2026-10-05 08:28 UTC
machine ARM 1000 MHz, core 250, V3D 250, SDRAM 400 MHz, 44.9 C, throttled 00000
gpu bm3d 4.2 ready (byte a = red, texels in place, textures in tiles, MSAA on any page, vertex shader no, clipping no, lit models no, queue yes, zclear in job no)
counters ARM1176 PMU
previous none
columns R,test,profile,version,n60,n30,over,ms,worst,tris_in,tris,verts,pixels,gltris,jobs,gpu_ms,instr,wait_instr,dmiss,cycles,secs
R,spheres,ARM,0.2,72.3,204.2,0,15.7,15.7,6336,2540,3696,137295,0,0.0,0.0,6423718,0,197515,15699231,2
R,spheres,GPU,2.1,208.6,436.0,0,16.6,16.7,19968,8156,11648,0,0,1.0,2.8,7533476,312869,298316,16626195,1
R,spheres,GPU+AA,2.1,206.2,432.6,0,13.0,13.1,14976,6103,8736,0,0,1.0,2.3,5748221,253212,232036,13031628,1
R,spheres_smooth,ARM,0.2,21.9,102.2,0,13.5,13.7,1632,640,952,131040,0,0.0,0.0,6694719,0,157227,13493723,2
R,spheres_smooth,GPU,2.1,163.3,343.2,0,15.0,16.0,14976,6103,8736,0,0,1.0,2.2,7068491,248886,268242,15996039,1
R,spheres_tex,ARM,0.2,-1,53.6,0,15.8,15.9,576,213,336,119532,0,0.0,0.0,7856815,0,147630,15807667,2
R,spheres_tex,GPU,2.1,165.6,347.9,0,15.8,15.8,14976,6103,8736,0,0,1.0,2.2,6635909,241446,284715,15798350,1
R,spheres_unlit,ARM,0.2,77.5,223.4,0,15.0,15.1,6336,2540,3696,137295,0,0.0,0.0,6091332,0,185754,15010644,2
R,spheres_unlit,GPU,2.1,244.0,513.0,0,14.4,14.5,19968,8156,11648,0,0,1.0,2.8,6437385,312447,266251,14423362,1
R,spheres_baked,ARM,0.2,25.7,111.3,0,16.3,16.5,2112,824,1232,169127,0,0.0,0.0,8361105,0,146473,16268196,2
R,spheres_baked,GPU,2.1,194.6,407.5,0,13.7,13.7,14976,6103,8736,0,0,1.0,2.2,6111332,243221,177556,13689836,1
R,spheres_shine,ARM,0.2,20.6,86.3,0,14.2,14.4,1632,640,952,131040,0,0.0,0.0,6898821,0,150246,14162596,2
R,spheres_shine,GPU,2.1,112.9,236.7,0,13.4,13.5,8448,3443,4928,0,0,1.0,1.3,5211613,146327,146681,13432887,1
R,heroes,ARM,0.2,3.9,8.5,0,12.6,12.7,4608,1885,2688,21260,0,0.0,0.0,4529999,0,197622,12629696,1
R,heroes,GPU,2.1,6.4,13.8,0,15.8,15.8,9216,3767,5376,0,0,1.0,1.2,5709051,132946,211156,15771607,1
R,heroes_tex,ARM,0.2,3.5,6.9,0,13.9,13.0,4608,1885,2688,19668,0,0.0,0.0,5440384,0,206847,13914206,1
R,heroes_tex,GPU,2.1,6.0,15.0,0,14.6,14.7,9216,3767,5376,0,0,1.0,1.2,4990048,138609,243713,14624936,1
R,heroes_skin,ARM,0.2,3.4,6.7,0,14.2,14.3,4608,1906,2688,21083,0,0.0,0.0,5583639,0,206270,14185312,1
R,heroes_skin,GPU,2.1,6.0,14.0,0,14.7,14.8,9216,3805,5376,0,0,1.0,1.3,5028332,142401,245626,14683475,1
R,heroes_shadow,ARM,0.2,-1,2.5,0,24.4,24.5,2048,1079,1246,145478,0,0.0,0.0,11209696,0,231816,24429536,0
R,heroes_shadow,GPU,2.1,3.4,7.9,0,15.2,15.3,5120,2333,3038,0,0,1.0,1.8,5107087,203869,229008,15209507,1
R,clip,ARM,0.2,17.8,617.6,0,16.2,16.3,672,184,225,120893,0,0.0,0.0,8037480,0,152241,16225248,3
R,clip,GPU,2.1,826.8,1900.7,0,13.9,14.0,26240,4141,4895,0,0,1.0,1.9,5325440,217645,213146,13934524,1
R,tiny,ARM,0.2,14.4,31.1,0,15.1,15.2,6656,6656,3757,4012,0,0.0,0.0,5926956,0,217482,15148212,1
R,tiny,GPU,2.1,19.7,41.8,0,14.7,14.7,8704,8704,4913,0,0,1.0,2.6,6356495,292911,342691,14653939,1
R,draws,ARM,0.2,453.1,1413.9,0,15.0,15.2,4428,2066,2792,143489,0,0.0,0.0,5659006,0,169954,15011922,2
R,draws,GPU,2.1,1228.7,2690.7,0,15.9,15.0,13980,6083,8184,0,0,1.0,2.1,6768927,235686,231961,15872830,1
R,quad_flat,ARM,0.2,11.7,24.8,0,14.6,14.7,20,20,40,576000,0,0.0,0.0,6428447,0,158365,14648399,1
R,quad_flat,GPU,2.1,203.0,428.9,0,13.1,13.1,312,312,624,0,0,1.0,10.9,1907159,1233565,41772,13111846,1
R,quad_flat,GPU+AA,2.1,199.6,421.1,0,13.4,13.4,312,312,624,0,0,1.0,11.2,1956450,1259682,43481,13379199,1
R,quad_smooth,ARM,0.2,6.2,13.3,0,16.2,16.2,12,12,24,345600,0,0.0,0.0,9246734,0,141863,16177343,1
R,quad_smooth,GPU,2.1,199.7,419.7,0,13.4,13.4,312,312,624,0,0,1.0,10.9,1988532,1233407,48253,13357712,1
R,quad_tex,ARM,0.2,3.4,7.4,0,14.8,14.8,6,6,12,172800,0,0.0,0.0,7424757,0,134992,14783308,1
R,quad_tex,GPU,2.1,120.9,255.5,0,16.2,16.2,234,234,468,0,0,1.0,14.1,2195407,1583366,40437,16178264,1
R,quad_alpha,ARM,0.2,3.5,7.6,0,14.5,14.5,6,6,12,161520,0,0.0,0.0,7198083,0,135009,14453667,1
R,quad_alpha,GPU,2.1,114.7,242.0,0,13.2,13.2,176,176,352,0,0,1.0,11.3,1792826,1270224,36470,13170399,1
R,quad_screen,ARM,0.2,14.3,30.1,0,15.3,15.4,26,26,52,374400,0,0.0,0.0,4542022,0,170877,15344224,1
R,quad_screen,GPU,2.1,184.1,386.9,0,14.4,14.4,312,312,624,0,0,1.0,12.2,2047491,1376040,41967,14355684,1
R,texswap,ARM,0.2,89.0,1311.4,0,16.6,16.6,176,176,352,128109,0,0.0,0.0,6971190,0,184479,16579295,3
R,texswap,GPU,2.1,7.8,13.2,0,14.0,14.1,12,12,24,0,0,3.0,4.3,5586247,473276,196052,14035923,1
R,split,ARM,0.2,14.1,30.2,0,15.5,15.6,4992,1950,2912,188870,0,0.0,0.0,6430647,0,194528,15520731,1
R,split,GPU,2.1,5.6,10.0,0,14.6,14.7,1920,748,1120,0,0,5.0,10.7,2407945,1184284,166376,14631606,1
R,match,ARM,0.2,-1,1.5,0,30.8,30.8,6272,3442,3542,142521,0,0.0,0.0,13655027,0,277063,30768940,0
R,match,GPU,2.1,-1,5.3,0,16.9,16.0,6272,3443,3542,0,0,2.0,2.3,5719463,254000,231299,16943256,1
R,match,GPU+AA,2.1,-1,5.1,0,17.6,17.7,6272,3443,3542,0,0,2.0,2.8,5845613,317219,235873,17618868,1
F,gpu2d,M37: 2D on the GPU
F,bilinear,M37: quality options
total 79 s
