bm report
kind: bench3d
kernel: v0.2.1
branch: v0.2.1
board: RGB30
date: unknown (no network time)
file: nodate-408018_bench3d_rgb30_v0.2.1.txt

bm 3D Bench
kernel v0.2.1
drivers bm3d 4.2 (M38)
date unknown (no network time)
machine RGB30, Cortex-A55, the 3D on the ARM (no Mali driver yet)
gpu no GPU driver on the RGB30 yet
counters Cortex-A55 PMU
previous bm/bench/3D0002.TXT
columns R,test,profile,version,n60,n30,over,ms,worst,tris_in,tris,verts,pixels,gltris,jobs,gpu_ms,instr,wait_instr,dmiss,cycles,secs
R,spheres,ARM,0.2,180.1,472.1,0,15.3,15.4,14976,6105,8736,152915,0,0.0,0.0,12701542,0,13483,12504479,3
R,spheres_smooth,ARM,0.2,100.3,355.0,0,15.4,15.5,8448,3443,4928,166485,0,0.0,0.0,14890440,0,20742,12573946,3
R,spheres_tex,ARM,0.2,45.4,182.2,0,15.4,15.5,3648,1454,2128,134340,0,0.0,0.0,13836191,0,27705,12603630,3
R,spheres_unlit,ARM,0.2,202.1,527.4,0,14.4,14.4,14976,6105,8736,152915,0,0.0,0.0,12061163,0,11890,11721803,3
R,spheres_baked,ARM,0.2,110.8,424.8,0,14.6,14.6,8448,3443,4928,166485,0,0.0,0.0,14508660,0,12002,11873444,3
R,spheres_shine,ARM,0.2,82.4,259.4,0,14.5,14.6,6336,2540,3696,153944,0,0.0,0.0,13764175,0,17353,11860575,3
R,heroes,ARM,0.2,8.6,19.1,0,15.7,15.7,12288,5028,7168,70819,0,0.0,0.0,12719674,0,23906,12776406,2
R,heroes_tex,ARM,0.2,6.7,15.4,0,15.7,15.7,9216,3766,5376,58989,0,0.0,0.0,13449898,0,22399,12805408,2
R,heroes_skin,ARM,0.2,6.6,15.4,0,15.8,15.9,9216,3804,5376,61086,0,0.0,0.0,13605130,0,21471,12926635,2
R,heroes_shadow,ARM,0.2,2.3,8.5,0,15.8,15.8,3584,1706,2142,155543,0,0.0,0.0,14483935,0,29625,12905258,2
R,clip,ARM,0.2,449.9,3680.0,1,16.0,16.1,14752,2520,2979,176886,0,0.0,0.0,15395838,0,33668,13068447,4
R,tiny,ARM,0.2,34.7,75.5,0,14.3,14.3,14848,14848,8381,8951,0,0.0,0.0,12265952,0,5240,11671151,2
R,draws,ARM,0.2,899.9,2252.5,0,16.3,16.4,10488,4655,6272,148368,0,0.0,0.0,13148686,0,10039,13328943,3
R,quad_flat,ARM,0.2,16.2,34.4,0,13.8,13.8,26,26,52,748800,0,0.0,0.0,14668818,0,13302,11220963,2
R,quad_smooth,ARM,0.2,11.3,24.0,0,14.0,14.0,20,20,40,576000,0,0.0,0.0,18418624,0,12769,12201078,2
R,quad_tex,ARM,0.2,8.0,16.0,0,16.7,16.7,16,16,32,460800,0,0.0,0.0,19548160,0,12617,13596619,2
R,quad_alpha,ARM,0.2,8.2,17.3,0,16.4,16.4,16,16,32,430640,0,0.0,0.0,19072422,0,14519,13364396,1
R,quad_screen,ARM,0.2,29.0,63.7,0,16.2,16.2,58,58,116,835200,0,0.0,0.0,16316260,0,29462,13205118,2
R,texswap,ARM,0.2,1519.9,6156.8,1,14.7,14.8,2330,2046,4092,135856,0,0.0,0.0,13343872,0,23192,12018895,4
R,split,ARM,0.2,24.2,52.1,0,15.4,15.4,8448,3283,4928,254939,0,0.0,0.0,13134539,0,20082,12531855,2
R,match,ARM,0.2,1.3,8.1,0,16.0,16.1,6272,3442,3542,142521,0,0.0,0.0,14621120,0,31536,13066896,2
F,gpu2d,M37: 2D on the GPU
F,bilinear,M37: quality options
total 58 s
