bm report
kind: bench3d
kernel: v0.2.3
branch: v0.2.3
board: RGB30
date: 2026-10-05 14:28:20
file: 20261005-142820_bench3d_rgb30_v0.2.3.txt

bm 3D Bench
kernel v0.2.3
drivers bm3d 4.2 (M38)
date 2026-10-05 14:25 UTC
machine RGB30, Cortex-A55, the 3D on the ARM (no Mali driver yet)
gpu no GPU driver on the RGB30 yet
counters Cortex-A55 PMU
previous bm/bench/3D0004.TXT
columns R,test,profile,version,n60,n30,over,ms,worst,tris_in,tris,verts,pixels,gltris,jobs,gpu_ms,instr,wait_instr,dmiss,cycles,secs
R,spheres,ARM,0.2,181.0,473.8,0,15.3,15.3,14976,6105,8736,152915,0,0.0,0.0,12701542,0,12587,12457162,3
R,spheres_smooth,ARM,0.2,102.6,369.8,0,15.2,15.2,8448,3443,4928,166485,0,0.0,0.0,14890440,0,15975,12403850,3
R,spheres_tex,ARM,0.2,45.9,184.8,0,15.4,15.5,3648,1454,2128,134340,0,0.0,0.0,13836160,0,27243,12554487,3
R,spheres_unlit,ARM,0.2,202.2,528.1,0,14.3,14.4,14976,6105,8736,152915,0,0.0,0.0,12061162,0,11860,11705227,3
R,spheres_baked,ARM,0.2,110.7,422.8,0,14.6,14.6,8448,3443,4928,166485,0,0.0,0.0,14508659,0,12296,11879472,3
R,spheres_shine,ARM,0.2,83.9,265.8,0,14.4,14.4,6336,2540,3696,153944,0,0.0,0.0,13764082,0,13618,11726462,3
R,heroes,ARM,0.2,8.6,19.1,0,15.7,15.7,12288,5028,7168,70819,0,0.0,0.0,12719676,0,24034,12788126,2
R,heroes_tex,ARM,0.2,6.7,15.4,0,15.7,15.7,9216,3766,5376,58989,0,0.0,0.0,13449898,0,22255,12794048,2
R,heroes_skin,ARM,0.2,6.6,15.4,0,15.8,15.9,9216,3804,5376,61086,0,0.0,0.0,13605127,0,21951,12923654,2
R,heroes_shadow,ARM,0.2,2.3,8.6,0,15.8,15.8,3584,1706,2142,155543,0,0.0,0.0,14483935,0,28187,12904959,2
R,clip,ARM,0.2,459.5,3680.0,1,15.0,15.0,14752,2520,2979,176886,0,0.0,0.0,15395838,0,30803,13019090,4
R,tiny,ARM,0.2,34.6,75.4,0,14.3,14.3,14848,14848,8381,8951,0,0.0,0.0,12265952,0,5454,11672063,2
R,draws,ARM,0.2,897.4,2247.8,0,16.4,16.5,10488,4655,6272,148368,0,0.0,0.0,13148718,0,10105,13353910,3
R,quad_flat,ARM,0.2,16.2,34.4,0,13.7,13.7,26,26,52,748800,0,0.0,0.0,14668819,0,12775,11203280,2
R,quad_smooth,ARM,0.2,11.3,24.1,0,14.9,14.9,20,20,40,576000,0,0.0,0.0,18418624,0,10652,12184158,2
R,quad_tex,ARM,0.2,8.0,17.0,0,16.6,16.6,16,16,32,460800,0,0.0,0.0,19548102,0,11338,13564124,1
R,quad_alpha,ARM,0.2,8.2,17.3,0,16.4,16.4,16,16,32,430640,0,0.0,0.0,19072488,0,14551,13358099,1
R,quad_screen,ARM,0.2,30.0,63.7,0,16.2,16.2,58,58,116,835200,0,0.0,0.0,16316198,0,28806,13186156,2
R,texswap,ARM,0.2,1553.3,6165.7,1,16.7,16.7,3106,2736,5472,133802,0,0.0,0.0,14577458,0,30736,13599374,4
R,split,ARM,0.2,24.2,52.2,0,15.3,15.4,8448,3283,4928,254939,0,0.0,0.0,13134542,0,19828,12504216,2
R,match,ARM,0.2,1.3,8.1,0,15.9,16.0,6272,3442,3542,142521,0,0.0,0.0,14621087,0,29561,13014636,2
F,gpu2d,M37: 2D on the GPU
F,bilinear,M37: quality options
total 57 s
