bm report
kind: bench3d
kernel: v0.2.3
branch: v0.2.3
board: RGB30
date: 2026-10-05 10:44:53
file: 20261005-104453_bench3d_rgb30_v0.2.3.txt

bm 3D Bench
kernel v0.2.3
drivers bm3d 4.2 (M38)
date 2026-10-05 10:43 UTC
machine RGB30, Cortex-A55, the 3D on the ARM (no Mali driver yet)
gpu no GPU driver on the RGB30 yet
counters Cortex-A55 PMU
previous bm/bench/3D0003.TXT
columns R,test,profile,version,n60,n30,over,ms,worst,tris_in,tris,verts,pixels,gltris,jobs,gpu_ms,instr,wait_instr,dmiss,cycles,secs
R,spheres,ARM,0.2,181.3,474.2,0,15.3,15.3,14976,6105,8736,152915,0,0.0,0.0,12701574,0,12194,12448458,3
R,spheres_smooth,ARM,0.2,102.6,369.8,0,15.2,15.2,8448,3443,4928,166485,0,0.0,0.0,14890438,0,15850,12407624,3
R,spheres_tex,ARM,0.2,45.0,185.2,0,15.4,15.5,3648,1454,2128,134340,0,0.0,0.0,13836099,0,26838,12556632,3
R,spheres_unlit,ARM,0.2,202.2,528.3,0,14.3,14.4,14976,6105,8736,152915,0,0.0,0.0,12061131,0,11627,11703086,3
R,spheres_baked,ARM,0.2,110.7,423.2,0,14.6,14.6,8448,3443,4928,166485,0,0.0,0.0,14508723,0,11837,11874746,3
R,spheres_shine,ARM,0.2,83.9,265.9,0,14.4,14.4,6336,2540,3696,153944,0,0.0,0.0,13764082,0,13409,11723902,3
R,heroes,ARM,0.2,8.6,19.1,0,15.7,15.7,12288,5028,7168,70819,0,0.0,0.0,12719646,0,23990,12785980,2
R,heroes_tex,ARM,0.2,6.7,15.4,0,15.7,15.8,9216,3766,5376,58989,0,0.0,0.0,13449959,0,24014,12845688,2
R,heroes_skin,ARM,0.2,6.6,15.4,0,15.8,15.9,9216,3804,5376,61086,0,0.0,0.0,13605162,0,21686,12905680,2
R,heroes_shadow,ARM,0.2,2.3,8.5,0,15.8,15.9,3584,1706,2142,155543,0,0.0,0.0,14483872,0,29682,12931322,2
R,clip,ARM,0.2,451.9,3680.0,1,16.0,16.0,14752,2520,2979,176886,0,0.0,0.0,15395868,0,33447,13059927,4
R,tiny,ARM,0.2,34.6,75.4,0,14.3,14.4,14848,14848,8381,8951,0,0.0,0.0,12265952,0,5242,11686035,2
R,draws,ARM,0.2,899.3,2250.7,0,16.3,16.4,10488,4655,6272,148368,0,0.0,0.0,13148686,0,10032,13334227,3
R,quad_flat,ARM,0.2,16.2,34.4,0,13.7,13.7,26,26,52,748800,0,0.0,0.0,14668847,0,12848,11206484,2
R,quad_smooth,ARM,0.2,11.3,24.1,0,14.9,14.9,20,20,40,576000,0,0.0,0.0,18418624,0,10681,12184702,2
R,quad_tex,ARM,0.2,8.0,17.0,0,16.6,16.6,16,16,32,460800,0,0.0,0.0,19548226,0,11644,13566666,1
R,quad_alpha,ARM,0.2,8.2,17.3,0,16.4,16.4,16,16,32,430640,0,0.0,0.0,19072456,0,14298,13371911,1
R,quad_screen,ARM,0.2,30.0,63.8,0,16.2,16.2,58,58,116,835200,0,0.0,0.0,16316166,0,28917,13191634,2
R,texswap,ARM,0.2,1484.3,6041.1,1,14.9,14.9,2330,2046,4092,135856,0,0.0,0.0,13343935,0,27268,12126358,4
R,split,ARM,0.2,24.3,52.2,0,15.3,15.3,8448,3283,4928,254939,0,0.0,0.0,13134540,0,19394,12493874,2
R,match,ARM,0.2,1.3,8.1,0,16.0,16.1,6272,3442,3542,142521,0,0.0,0.0,14621122,0,32069,13072366,2
F,gpu2d,M37: 2D on the GPU
F,bilinear,M37: quality options
total 58 s
