bm report
kind: bench3d
kernel: v0.2.5
branch: v0.2.5
board: RGB30
date: 2026-10-10 11:19:37
file: 20261010-111937_bench3d_rgb30_v0.2.5.txt

bm 3D Bench
kernel v0.2.5
drivers bm3d 6.8 (M36)
date 2026-10-10 11:12 UTC
machine RGB30, Cortex-A55, the 3D on the ARM (Mali: not tested (Dev > GPU test))
gpu no GPU driver on the RGB30 yet
probes none
counters Cortex-A55 PMU
previous bm/bench/3D0015.TXT
columns R,test,profile,version,n60,n30,over,ms,worst,tris_in,tris,verts,pixels,gltris,jobs,gpu_ms,instr,wait_instr,dmiss,cycles,secs,tris60,drawn60,core_mhz,gpu_mhz
R,spheres,ARM,0.2,177.3,465.7,0,15.5,15.5,14976,6105,8736,152915,0,0.0,0.0,12823348,0,13761,12611652,3,17023,6946,0,0
R,spheres_smooth,ARM,0.2,98.8,348.0,0,15.5,15.6,8448,3443,4928,166485,0,0.0,0.0,15007862,0,22776,12686108,3,9486,3860,0,0
R,spheres_tex,ARM,0.2,43.9,178.7,0,15.7,15.8,3648,1454,2128,134340,0,0.0,0.0,13955054,0,30061,12766591,3,4217,1691,0,0
R,spheres_unlit,ARM,0.2,198.9,520.8,0,14.5,14.5,14976,6105,8736,152915,0,0.0,0.0,12158304,0,12811,11818327,3,19090,7796,0,0
R,spheres_baked,ARM,0.2,109.3,416.9,0,14.7,14.7,8448,3443,4928,166485,0,0.0,0.0,14617678,0,12486,11962230,3,10494,4266,0,0
R,spheres_shine,ARM,0.2,81.2,255.2,0,14.7,14.7,6336,2540,3696,153944,0,0.0,0.0,13870048,0,18997,11967355,3,7791,3162,0,0
R,heroes,ARM,0.2,8.5,18.9,0,15.8,15.8,12288,5028,7168,70819,0,0.0,0.0,12841246,0,18884,12858350,2,13121,5371,0,0
R,heroes_tex,ARM,0.2,6.6,15.3,0,15.8,15.8,9216,3766,5376,58989,0,0.0,0.0,13581320,0,20348,12864846,2,10213,4175,0,0
R,heroes_skin,ARM,0.2,6.5,15.2,0,16.0,16.0,9216,3804,5376,61086,0,0.0,0.0,13736946,0,21585,13052996,2,9930,4101,0,0
R,heroes_shadow,ARM,0.2,2.2,8.4,0,16.0,16.0,6656,3217,2142,155543,0,0.0,0.0,14610962,0,29823,13059811,2,7314,3514,0,0
R,clip,ARM,0.2,417.7,3680.0,1,16.3,16.3,14752,2520,2979,176886,0,0.0,0.0,15520402,0,36917,13274571,4,16704,2860,0,0
R,tiny,ARM,0.2,34.2,74.3,0,14.5,14.5,14848,14848,8381,8951,0,0.0,0.0,12389700,0,5547,11792439,2,17532,17532,0,0
R,draws,ARM,0.2,886.4,2209.4,0,16.5,16.6,10488,4655,6272,148368,0,0.0,0.0,13280323,0,10832,13468859,3,10637,4716,0,0
R,quad_flat,ARM,0.2,15.0,33.0,0,13.9,13.9,26,26,52,748800,0,0.0,0.0,14782774,0,14064,11347943,2,32,32,0,0
R,quad_smooth,ARM,0.2,11.2,23.8,0,15.1,15.1,20,20,40,576000,0,0.0,0.0,18533952,0,11610,12326476,1,22,22,0,0
R,quad_tex,ARM,0.2,7.9,16.7,0,13.2,13.2,12,12,24,345600,0,0.0,0.0,15377206,0,11458,10734304,2,16,16,0,0
R,quad_alpha,ARM,0.2,8.1,17.2,0,16.5,16.5,16,16,32,430640,0,0.0,0.0,19201126,0,12332,13464579,1,16,16,0,0
R,quad_screen,ARM,0.2,29.6,62.9,0,16.4,16.4,58,58,116,835200,0,0.0,0.0,16444546,0,30635,13366367,2,59,59,0,0
R,quad_texscreen,ARM,0.2,7.6,16.2,0,13.5,13.5,12,12,24,161560,0,0.0,0.0,15533084,0,9715,11047274,2,15,15,0,0
R,texswap,ARM,0.2,1504.1,6136.2,1,15.1,15.2,2330,2046,4092,135856,0,0.0,0.0,13461470,0,30794,12355831,4,3008,2649,0,0
R,split,ARM,0.2,23.9,51.4,0,15.5,15.6,8448,3283,4928,254939,0,0.0,0.0,13254474,0,21490,12669322,2,9167,3562,0,0
R,match,ARM,0.2,1.2,7.9,0,16.2,16.3,7808,4198,3542,142521,0,0.0,0.0,14747206,0,32652,13209002,2,8398,4465,0,0
R,mix,ARM,0.2,3.5,8.8,0,15.3,15.4,10960,4950,3753,78955,0,0.0,0.0,12981614,0,24833,12481888,1,12405,5610,0,0
R,big,ARM,0.2,-1,-1,0,37.7,37.8,24192,18488,12337,158503,0,0.0,0.0,29113008,0,106691,30717484,0,10705,8181,0,0
R,big_logic,ARM,0.2,-1,-1,0,42.5,42.6,24192,18488,12337,158503,0,0.0,0.0,34342768,0,106689,34657620,0,9486,7250,0,0
R,gpu2d,ARM,0.2,3323.9,6541.0,1,14.3,14.5,576,227,336,43826,0,0.0,0.0,13772126,0,19783,11730606,3,576,227,0,0
score 504 (bm3d 6.8 as the games get it, 24 of 24 tests), GPU bm3d 2.1 0, ARM bm3d 0.2 504; 1000: bm3d 2.1 at its best on the Pi Zero W
columns S,driver,version,score,tests,full
S,games,6.8,504,24,1
S,GPU,2.1,0,0,0
S,ARM,0.2,504,24,1
triangles at 60 fps 12405 in the mix (5610 drawn), the most 19090 (spheres_unlit)
total 65 s
