bm report
kind: bench3d
kernel: v0.2.3-14-gc1bfb50
branch: bm3d-driver
board: RGB30
date: 2026-10-05 15:58:53
file: 20261005-155853_bench3d_rgb30_v0.2.3-14-gc1bfb50.txt

bm 3D Bench
kernel v0.2.3-14-gc1bfb50
drivers bm3d 6.1 (M41)
date 2026-10-05 15:56 UTC
machine RGB30, Cortex-A55, the 3D on the ARM (Mali: runs jobs, no drawing yet)
gpu no GPU driver on the RGB30 yet
probes none
counters Cortex-A55 PMU
previous bm/bench/3D0005.TXT
columns R,test,profile,version,n60,n30,over,ms,worst,tris_in,tris,verts,pixels,gltris,jobs,gpu_ms,instr,wait_instr,dmiss,cycles,secs
R,spheres,ARM,0.2,156.9,412.4,0,16.6,16.6,14976,6105,8736,152915,0,0.0,0.0,12569368,0,11922,13555648,3
R,spheres_smooth,ARM,0.2,79.2,294.5,0,15.1,15.1,6336,2540,3696,153944,0,0.0,0.0,12914510,0,15835,12283324,3
R,spheres_tex,ARM,0.2,27.1,139.9,0,16.5,16.7,2112,825,1232,162937,0,0.0,0.0,13094420,0,24819,13463434,3
R,spheres_unlit,ARM,0.2,178.5,468.5,0,15.4,15.4,14976,6105,8736,152915,0,0.0,0.0,11873764,0,11407,12560859,3
R,spheres_baked,ARM,0.2,89.4,378.0,0,16.5,16.6,8448,3443,4928,166485,0,0.0,0.0,14377792,0,11279,13481448,3
R,spheres_shine,ARM,0.2,66.5,221.0,0,16.6,16.6,6336,2540,3696,153944,0,0.0,0.0,13716008,0,15955,13541334,3
R,heroes,ARM,0.2,7.6,16.9,0,14.3,14.3,9216,3766,5376,63742,0,0.0,0.0,10749616,0,15972,11629136,2
R,heroes_tex,ARM,0.2,5.8,13.6,0,14.3,14.3,7680,3140,4480,46283,0,0.0,0.0,11165379,0,18696,11683004,2
R,heroes_skin,ARM,0.2,5.7,13.6,0,14.4,14.5,7680,3176,4480,48094,0,0.0,0.0,11311122,0,17053,11775966,2
R,heroes_shadow,ARM,0.2,1.7,6.0,0,14.5,14.6,2048,1079,1246,145478,0,0.0,0.0,12205954,0,24446,11869504,1
R,clip,ARM,0.2,220.3,3048.6,1,16.5,16.6,8320,1650,1950,173489,0,0.0,0.0,13947894,0,32028,13499350,4
R,tiny,ARM,0.2,29.7,63.0,0,16.3,16.3,14848,14848,8381,8951,0,0.0,0.0,12571842,0,6023,13302812,2
R,draws,ARM,0.2,821.6,2039.7,0,14.4,14.5,7872,3712,4992,147702,0,0.0,0.0,11085593,0,10178,11776843,3
R,quad_flat,ARM,0.2,16.2,34.3,0,13.8,13.8,26,26,52,748800,0,0.0,0.0,13911643,0,13505,11236354,2
R,quad_smooth,ARM,0.2,9.7,20.6,0,14.1,14.1,16,16,32,460800,0,0.0,0.0,14742319,0,8746,11474460,2
R,quad_tex,ARM,0.2,5.9,12.6,0,14.3,14.3,10,10,20,288000,0,0.0,0.0,12854283,0,7838,11700606,1
R,quad_alpha,ARM,0.2,6.1,12.9,0,16.4,16.4,12,12,24,323120,0,0.0,0.0,14578464,0,9597,13413160,1
R,quad_screen,ARM,0.2,27.0,59.4,0,13.5,13.5,44,44,88,633600,0,0.0,0.0,12306510,0,22560,11022626,2
R,quad_texscreen,ARM,0.2,7.4,15.7,0,13.9,13.9,12,12,24,161560,0,0.0,0.0,14754152,0,9462,11336215,2
R,texswap,ARM,0.2,1022.8,4740.9,1,15.9,15.0,1748,1568,3136,137772,0,0.0,0.0,12171547,0,33759,13008874,4
R,split,ARM,0.2,22.8,49.0,0,16.1,16.2,8448,3283,4928,254939,0,0.0,0.0,12746048,0,19668,13174308,2
R,match,ARM,0.2,-1,6.6,0,17.8,17.9,6272,3442,3542,142521,0,0.0,0.0,14290832,0,31300,14535070,2
R,big,ARM,0.2,-1,-1,0,41.0,42.1,24192,18488,12337,158503,0,0.0,0.0,28629352,0,103108,34258420,0
R,big_logic,ARM,0.2,-1,-1,0,46.8,46.9,24192,18488,12337,158503,0,0.0,0.0,33830296,0,103330,38179952,0
R,gpu2d,ARM,0.2,3277.5,6541.0,1,14.6,14.6,576,227,336,43826,0,0.0,0.0,13687283,0,18159,11883043,3
total 64 s
