bm report
kind: bench3d
kernel: v0.2.3-52-g2fb7db3
branch: bm3d-driver
board: Pi Zero W
date: 2026-10-06 11:24:39
file: 20261006-112439_bench3d_pi-zero-w_v0.2.3-52-g2fb7db3.txt

bm 3D Bench
kernel v0.2.3-52-g2fb7db3
drivers bm3d 6.6 (M36)
date 2026-10-06 11:20 UTC
machine ARM 1000 MHz, core 250 (max 400), V3D 250 (max 300, measured 300), SDRAM 400 MHz, 44.3 C, throttled 00000
gpu bm3d 6.6 ready (byte a = red, texels in place, textures in tiles, MSAA on any page, 16-bit textures yes, two-thread shaders yes, vertex shader yes (clipper always on), indexed yes, clipping yes, lit models yes, queue yes, zclear in job yes)
probes before the vertex shader probe: ERRSTAT 00001000 DBGE 00000000 FDBGO 00000004 FDBGB 00000018 FDBGR 00000000 FDBGS 00003147; after a vertex shader draw that left nothing: ERRSTAT 00001010 DBGE 00000000 FDBGO 00000004 FDBGB 00000018 FDBGR 00000000 FDBGS 00002447; vertex shader probe (VPM in bytes): 0000 0000 0000 0000 (clockwise bit 0); vertex shader probe (VPM in words): 0000 0000 0000 0000 (clockwise bit 0); vertex shader probe: drawn (VPM in bytes, clipper on, clockwise bit 0)
counters ARM1176 PMU
previous bm/bench/3D0012.TXT
columns R,test,profile,version,n60,n30,over,ms,worst,tris_in,tris,verts,pixels,gltris,jobs,gpu_ms,instr,wait_instr,dmiss,cycles,secs,tris60,drawn60,core_mhz,gpu_mhz
R,spheres,ARM,0.2,71.9,203.0,0,15.7,15.8,6336,2540,3696,137295,0,0.0,0.0,6426629,0,187817,15731398,2,6902,2782,400,300
R,spheres,GPU,2.1,204.6,429.0,0,13.1,13.1,14976,6103,8736,0,0,1.0,2.2,5778521,243950,199361,13116976,1,19640,8022,400,300
R,spheres,GPU+AA,2.1,201.0,422.5,0,13.3,13.4,14976,6103,8736,0,0,1.0,2.3,5816109,256185,205222,13344366,1,19301,7882,400,300
R,spheres,GPU+VS,3.4,829.3,1687.7,0,13.7,13.8,62976,62976,0,0,62976,2.0,7.8,3010382,873523,184607,13716074,1,79613,79613,400,300
R,spheres,GPU+WC,4.5,204.4,429.0,0,13.1,13.2,14976,6103,8736,0,0,1.0,2.2,5778101,243493,46638,13118472,1,19622,8014,400,300
R,spheres,GPU+VS+S,5.4,728.1,1515.4,0,15.2,15.3,62976,62976,0,0,62976,2.0,7.8,3721518,872608,234188,15237606,1,69897,69897,400,300
R,spheres,GPU+VS+FS2,6.6,829.5,1686.1,0,13.7,13.8,62976,62976,0,0,62976,2.0,7.8,3018654,873409,184626,13722726,1,79629,79629,400,300
R,spheres_smooth,ARM,0.2,21.9,103.5,0,13.5,13.7,1632,640,952,131040,0,0.0,0.0,6695433,0,145452,13501744,2,2098,819,400,300
R,spheres_smooth,GPU,2.1,162.5,341.7,0,16.1,16.1,14976,6103,8736,0,0,1.0,2.2,7094640,248591,216336,16065679,1,15604,6362,400,300
R,spheres_smooth,GPU+VS,3.4,1028.2,1968.7,0,14.7,14.7,83904,83904,0,0,83904,2.0,7.4,3569778,828820,226178,14718055,1,98709,98709,400,300
R,spheres_smooth,GPU+VS+FS2,6.6,1027.6,1968.1,0,14.7,14.8,83904,83904,0,0,83904,2.0,7.4,3585170,830361,226185,14723203,1,98649,98649,400,300
R,spheres_tex,ARM,0.2,6.3,53.3,0,15.9,16.0,576,213,336,119532,0,0.0,0.0,7858005,0,142890,15887639,2,607,225,400,300
R,spheres_tex,GPU,2.1,168.7,354.5,0,15.5,15.6,14976,6103,8736,0,0,1.0,2.2,6778193,244010,185946,15539984,1,16198,6606,400,300
R,spheres_tex,GPU+T16,5.2,165.5,348.2,0,15.8,15.8,14976,6103,8736,0,0,1.0,2.2,6782597,239708,198138,15806175,1,15887,6478,400,300
R,spheres_tex,GPU+FS2,5.3,165.9,347.0,0,15.8,15.8,14976,6103,8736,0,0,1.0,2.2,6772312,242267,196320,15772218,1,15926,6495,400,300
R,spheres_tex,GPU+VS+FS2,6.6,830.1,1710.9,0,13.9,13.9,62976,62976,0,0,62976,2.0,7.9,3056862,890002,185359,13907731,1,79691,79691,400,300
R,spheres_unlit,ARM,0.2,77.6,224.5,0,14.0,15.0,6336,2540,3696,137295,0,0.0,0.0,6112833,0,185110,14975116,2,7448,3016,400,300
R,spheres_unlit,GPU,2.1,241.3,507.3,0,14.6,14.6,19968,8156,11648,0,0,1.0,2.8,6554643,311601,261150,14576010,1,23164,9479,400,300
R,spheres_unlit,GPU+VS1,3.0,1315.3,2723.6,0,15.1,15.2,111840,111840,0,0,111840,2.0,7.2,3808979,808275,255118,15139930,1,126266,126266,400,300
R,spheres_unlit,GPU+VS,3.4,1314.2,2720.6,0,15.2,15.2,111840,111840,0,0,111840,2.0,7.2,3810936,810070,253402,15157312,1,126160,126160,399,300
R,spheres_unlit,GPU+VS+FS2,6.6,1313.5,2720.4,0,15.2,15.2,111840,111840,0,0,111840,2.0,7.2,3830921,809300,256457,15169215,1,126100,126100,400,300
R,spheres_baked,ARM,0.2,26.0,112.6,0,16.3,16.5,2112,824,1232,169127,0,0.0,0.0,8362740,0,146753,16262727,2,2500,990,400,300
R,spheres_baked,GPU,2.1,198.2,416.3,0,13.5,13.5,14976,6103,8736,0,0,1.0,2.2,6155043,242707,186610,13480531,1,19028,7770,400,300
R,spheres_baked,GPU+VS1,3.0,1071.5,2124.2,0,13.1,13.1,83904,83904,0,0,83904,1.0,6.9,3079485,775457,175412,13101703,1,102862,102862,400,300
R,spheres_baked,GPU+VS,3.4,1069.4,2123.9,0,13.1,13.1,83904,83904,0,0,83904,1.0,6.9,3080693,776731,175408,13120278,1,102665,102665,400,300
R,spheres_baked,GPU+VS+FS2,6.6,1069.7,2123.7,0,13.1,13.1,83904,83904,0,0,83904,1.0,6.9,3091386,779803,177977,13098091,1,102687,102687,400,300
R,spheres_shine,ARM,0.2,20.6,86.7,0,14.2,14.4,1632,640,952,131040,0,0.0,0.0,6903859,0,147350,14207820,2,1974,771,400,300
R,spheres_shine,GPU,2.1,112.8,236.9,0,13.4,13.5,8448,3443,4928,0,0,1.0,1.3,5227075,146770,126501,13443547,1,10832,4400,400,300
R,spheres_shine,GPU+VS,3.4,983.8,1906.7,0,15.2,15.2,83904,83904,0,0,83904,2.0,7.4,3833680,831076,204515,15200934,1,94443,94443,399,300
R,spheres_shine,GPU+VS+FS2,6.6,983.8,1907.7,0,15.2,15.2,83904,83904,0,0,83904,2.0,7.4,3848146,823252,204287,15212378,1,94442,94442,400,300
R,heroes,ARM,0.2,3.9,8.4,0,12.8,12.8,4608,1885,2688,21260,0,0.0,0.0,4530558,0,182678,12754606,1,5974,2446,400,300
R,heroes,GPU,2.1,6.0,12.9,0,16.6,16.6,9216,3767,5376,0,0,1.0,1.2,5718997,130363,213936,16581983,1,9271,3790,400,300
R,heroes,GPU+VS,3.4,66.5,122.6,0,16.5,16.5,101376,101376,0,0,101376,2.0,10.5,3550676,1181992,231992,16484252,1,102206,102206,400,300
R,heroes,GPU+WC,4.5,6.0,12.9,0,16.6,16.6,9216,3767,5376,0,0,1.0,1.2,5721523,130779,109614,16583042,1,9267,3788,400,300
R,heroes,GPU+VS+S,5.4,62.4,117.0,0,14.1,14.1,76800,76800,0,0,76800,2.0,7.5,3510036,837411,256353,14067751,1,95849,95849,400,300
R,heroes,GPU+VS+FS2,6.6,66.5,122.4,0,16.5,16.5,101376,101376,0,0,101376,2.0,10.5,3567560,1182085,232036,16498091,1,102169,102169,400,300
R,heroes_tex,ARM,0.2,3.4,6.7,0,14.1,14.3,4608,1885,2688,19668,0,0.0,0.0,5469693,0,190662,14148210,1,5273,2158,400,300
R,heroes_tex,GPU,2.1,6.9,14.8,0,14.8,14.9,9216,3767,5376,0,0,1.0,1.2,5123703,136780,222245,14815807,1,10572,4324,400,300
R,heroes_tex,GPU+VS,3.4,73.7,141.1,0,14.5,14.5,101376,101376,0,0,101376,2.0,8.5,3344306,951956,233757,14467198,1,113238,113238,400,300
R,heroes_tex,GPU+T16,5.2,6.9,14.8,0,14.8,14.8,9216,3767,5376,0,0,1.0,1.2,5118504,133924,221982,14774383,1,10595,4334,400,300
R,heroes_tex,GPU+FS2,5.3,6.9,14.8,0,14.8,14.8,9216,3767,5376,0,0,1.0,1.2,5120165,135337,222180,14802640,1,10571,4324,400,300
R,heroes_tex,GPU+VS+FS2,6.6,73.5,140.8,0,14.5,14.6,101376,101376,0,0,101376,2.0,8.5,3368851,956338,233953,14534610,1,112878,112878,400,300
R,heroes_skin,ARM,0.2,3.4,6.5,0,14.5,14.6,4608,1906,2688,21083,0,0.0,0.0,5608570,0,190345,14464563,1,5185,2145,400,300
R,heroes_skin,GPU,2.1,6.8,14.6,0,14.0,15.0,9216,3805,5376,0,0,1.0,1.3,5165119,139152,223023,14982208,1,10431,4309,400,300
R,heroes_skin,GPU+VS,3.4,42.5,89.6,0,15.6,15.6,58368,58368,0,0,58368,3.0,8.9,3436837,1002437,303193,15587499,1,65254,65254,400,300
R,heroes_skin,GPU+FS2,5.3,6.8,14.6,0,14.0,15.0,9216,3805,5376,0,0,1.0,1.2,5163497,137583,222984,14971906,1,10431,4309,400,300
R,heroes_skin,GPU+VS+FS2,6.6,41.9,89.4,0,15.8,15.8,58368,58368,0,0,58368,3.0,9.0,3473496,999464,303712,15747428,1,64416,64416,400,300
R,heroes_shadow,ARM,0.2,-1,2.5,0,24.4,24.5,3584,1835,1246,145478,0,0.0,0.0,11213576,0,223297,24448624,0,2443,1251,400,300
R,heroes_shadow,GPU,2.1,3.3,7.8,0,15.6,15.6,9728,4600,3038,0,0,1.0,2.0,5172671,222914,228619,15558176,1,10636,5010,400,300
R,heroes_shadow,GPU+VS,3.4,35.6,74.5,0,14.4,14.5,89600,89536,0,0,89536,2.0,9.7,2884470,1085892,192878,14435832,1,109821,109757,400,300
R,heroes_shadow,GPU+VS+FS2,6.6,36.1,74.0,0,14.3,14.3,89600,89536,0,0,89536,2.0,9.5,2870970,1062486,193003,14246704,1,111493,111429,400,300
R,clip,ARM,0.2,17.8,604.1,0,16.2,16.3,672,184,225,120893,0,0.0,0.0,8038904,0,151235,16231992,3,701,194,400,300
R,clip,GPU,2.1,811.4,1865.2,0,14.1,14.3,26240,4141,4895,0,0,1.0,1.0,5426105,222236,202208,14161371,2,32444,5061,400,300
R,clip,GPU+VS1,3.0,3680.0,3680.0,1,13.5,13.5,147200,33280,0,0,33280,2.0,4.5,4365086,500736,251733,13514254,1,147200,33280,400,300
R,clip,GPU+VS,3.4,3680.0,3680.0,1,13.5,13.6,147200,33280,0,0,33280,2.0,4.5,4368785,498135,250427,13519366,1,147200,33280,400,300
R,clip,GPU+VS+FS2,6.6,3680.0,3680.0,1,13.5,13.5,147200,33280,0,0,33280,2.0,4.4,4382793,498653,251881,13521240,1,147200,33280,400,300
R,tiny,ARM,0.2,14.3,31.1,0,15.2,15.3,6656,6656,3757,4012,0,0.0,0.0,5935218,0,189261,15170702,1,7345,7345,400,300
R,tiny,GPU,2.1,19.2,40.8,0,14.0,14.0,8704,8704,4913,0,0,1.0,2.6,6387575,291359,301287,14986927,1,9851,9851,400,300
R,tiny,GPU+VS,3.4,188.3,401.1,0,14.1,14.2,79872,78848,0,0,78848,1.0,11.7,1985717,1318991,58425,14060786,1,96407,94747,400,300
R,tiny,GPU+VS+FS2,6.6,188.3,401.0,0,14.1,14.2,79872,78848,0,0,78848,1.0,11.7,1989114,1322105,58446,14046664,1,96388,94728,400,300
R,draws,ARM,0.2,470.6,1486.7,0,14.8,14.9,4428,2066,2792,143489,0,0.0,0.0,5666359,0,166625,14755691,2,5647,2654,400,300
R,draws,GPU,2.1,1226.1,2692.2,0,15.9,15.0,13980,6083,8184,0,0,1.0,2.1,6831151,235012,232574,15903972,1,14713,6411,400,300
R,draws,GPU+VS,3.4,1461.0,3107.4,0,12.4,12.4,13980,12276,0,0,12276,2.0,3.8,3651844,428541,263361,12365159,1,17543,15445,400,300
R,draws,GPU+WC,4.5,1228.2,2689.8,0,15.9,15.0,13980,6083,8184,0,0,1.0,2.1,6830887,234848,79300,15878731,1,14739,6422,400,300
R,draws,GPU+VS+FS2,6.6,1462.3,3106.1,0,12.4,12.4,13980,12276,0,0,12276,2.0,3.8,3668010,428334,263356,12372299,1,17548,15448,400,300
R,quad_flat,ARM,0.2,11.7,24.8,0,14.7,14.7,20,20,40,576000,0,0.0,0.0,6426485,0,158119,14650311,1,23,23,400,300
R,quad_flat,GPU,2.1,175.3,368.4,0,15.0,15.0,312,312,624,0,0,1.0,12.8,2118778,1442057,40820,15010927,1,351,351,400,300
R,quad_flat,GPU+AA,2.1,172.1,362.4,0,15.3,15.3,312,312,624,0,0,1.0,13.0,2164604,1471030,42241,15254271,1,344,344,400,300
R,quad_flat,GPU+VS,3.4,164.9,346.5,0,15.8,15.9,312,312,0,0,312,1.0,13.7,2180826,1544722,57988,15842386,1,330,330,400,300
R,quad_flat,GPU+VS+FS2,6.6,164.9,346.4,0,15.8,15.9,312,312,0,0,312,1.0,13.7,2182977,1544411,57990,15843524,1,330,330,400,300
R,quad_smooth,ARM,0.2,6.2,13.4,0,16.1,16.1,12,12,24,345600,0,0.0,0.0,9247046,0,142294,16098950,1,12,12,400,300
R,quad_smooth,GPU,2.1,172.4,362.5,0,15.2,15.2,312,312,624,0,0,1.0,12.8,2200726,1445822,41781,15219930,1,345,345,400,300
R,quad_smooth,GPU+VS,3.4,164.0,346.4,0,15.8,15.9,312,312,0,0,312,1.0,13.7,2181353,1544658,58293,15841626,1,330,330,400,300
R,quad_smooth,GPU+VS+FS2,6.6,164.6,346.4,0,15.9,15.9,312,312,0,0,312,1.0,13.7,2187767,1535952,58685,15886336,1,329,329,400,300
R,quad_tex,ARM,0.2,3.4,7.4,0,14.9,14.9,6,6,12,172800,0,0.0,0.0,7425083,0,135417,14841920,1,7,7,400,300
R,quad_tex,GPU,2.1,111.3,234.8,0,13.5,13.6,176,176,352,0,0,1.0,11.6,1836620,1307953,34514,13541239,1,223,223,400,300
R,quad_tex,GPU+WC,4.5,111.3,234.7,0,13.5,13.6,176,176,352,0,0,1.0,11.6,1834382,1307825,5465,13537104,1,223,223,400,300
R,quad_tex,GPU+T16,5.2,112.3,236.4,0,13.4,13.4,176,176,352,0,0,1.0,11.5,1821617,1297170,34305,13408842,1,225,225,400,300
R,quad_tex,GPU+FS2,5.3,148.1,313.0,0,13.5,13.5,234,234,468,0,0,1.0,11.4,1896251,1284852,36630,13512107,1,296,296,400,300
R,quad_tex,GPU+VS+FS2,6.6,76.5,160.5,0,14.6,14.6,132,132,0,0,132,1.0,12.9,1877462,1448171,40446,14596808,1,153,153,400,300
R,quad_alpha,ARM,0.2,3.5,7.6,0,14.5,14.5,6,6,12,161520,0,0.0,0.0,7200561,0,135246,14454583,1,7,7,400,300
R,quad_alpha,GPU,2.1,105.1,221.5,0,14.2,14.3,176,176,352,0,0,1.0,12.3,1916663,1388941,34524,14238330,1,210,210,400,300
R,quad_alpha,GPU+FS2,5.3,136.8,288.0,0,14.5,14.5,234,234,468,0,0,1.0,12.4,2005781,1392739,36560,14487375,1,274,274,400,300
R,quad_alpha,GPU+VS+FS2,6.6,76.4,160.4,0,14.6,14.6,132,132,0,0,132,1.0,12.9,1878683,1447316,40500,14601547,1,153,153,400,300
R,quad_screen,ARM,0.2,14.2,29.0,0,15.4,15.5,26,26,52,374400,0,0.0,0.0,4542301,0,171371,15420832,1,28,28,400,300
R,quad_screen,GPU,2.1,160.5,337.3,0,16.2,16.2,312,312,624,0,0,1.0,14.1,2258620,1588293,40695,16239690,1,321,321,400,300
R,quad_screen,GPU+VS+FS2,6.6,151.6,318.5,0,13.2,13.2,234,234,0,0,234,1.0,11.2,1815354,1267336,50183,13205420,1,303,303,400,300
R,quad_texscreen,ARM,0.2,2.0,6.4,0,11.8,11.9,4,4,8,53880,0,0.0,0.0,5986301,0,128459,11802714,1,6,6,400,300
R,quad_texscreen,GPU,2.1,102.1,215.5,0,14.6,14.6,176,176,352,0,0,1.0,12.7,1956836,1427354,34528,14593458,1,204,204,400,300
R,quad_texscreen,GPU+FS2,5.3,122.6,257.9,0,15.0,15.0,234,234,468,0,0,1.0,13.9,2177307,1566150,36758,15971180,1,245,245,400,300
R,quad_texscreen,GPU+VS+FS2,6.6,72.2,151.3,0,15.4,15.4,132,132,0,0,132,1.0,13.7,1967157,1542219,40494,15372910,1,144,144,400,300
R,texswap,ARM,0.2,86.3,1191.4,0,15.1,15.2,132,132,264,118478,0,0.0,0.0,6320047,0,172954,15144128,3,173,173,400,300
R,texswap,GPU,2.1,1436.0,3817.3,0,14.5,14.5,2330,2046,4092,0,0,1.0,5.3,4426454,595251,134708,14446980,2,2874,2530,400,300
R,texswap,GPU+VS+FS2,6.6,6.6,12.3,0,15.1,15.1,12,12,0,0,12,6.0,11.9,1990117,1306139,169715,15043791,1,13,13,400,300
R,split,ARM,0.2,14.1,30.2,0,15.5,15.6,4992,1950,2912,188870,0,0.0,0.0,6435828,0,181443,15518046,1,5403,2109,400,300
R,split,GPU,2.1,5.5,10.7,0,15.1,15.1,1920,748,1120,0,0,5.0,11.1,2451187,1220629,162882,15060920,1,2112,824,400,300
R,split,GPU+VS,3.4,5.9,11.5,0,13.9,13.9,1920,1920,0,0,1920,5.0,11.1,1852403,1223231,142964,13904195,1,2276,2276,400,300
R,split,GPU+VS+Q,4.1,5.9,11.5,0,13.9,13.9,1920,1920,0,0,1920,5.0,11.1,1848141,1225359,142819,13913367,1,2274,2274,400,300
R,split,GPU+Q,4.1,5.5,10.7,0,15.1,15.1,1920,748,1120,0,0,5.0,11.1,2453113,1222549,162722,15079700,1,2109,823,400,300
R,split,GPU+2D,4.8,47.7,102.8,0,13.7,13.0,14592,5669,8512,0,0,1.0,3.1,5623818,344473,192580,13659058,1,18317,7129,400,300
R,split,GPU+VS+Q2,5.1,6.0,11.7,0,16.6,16.6,2304,2304,0,0,2304,6.0,13.5,2188021,1476076,171669,16580858,1,2316,2316,400,300
R,split,GPU+VS+FS2,6.6,6.0,11.7,0,16.6,16.6,2304,2304,0,0,2304,6.0,13.4,2188567,1472167,171810,16575000,1,2316,2316,400,300
R,match,ARM,0.2,-1,1.4,0,30.9,30.9,7808,4198,3542,142521,0,0.0,0.0,13668666,0,278460,30899628,0,4211,2264,400,300
R,match,GPU,2.1,-1,5.1,0,17.2,17.3,7808,4199,3542,0,0,2.0,2.3,5775551,255454,229419,17211052,1,7566,4069,399,300
R,match,GPU+AA,2.1,-1,4.0,0,17.9,17.0,7808,4199,3542,0,0,2.0,2.9,5898963,322286,233826,17862176,1,7281,3916,400,300
R,match,GPU+VS1,3.0,2.7,6.0,0,14.2,14.3,10880,5620,2688,0,2240,2.0,2.8,4327579,309947,210778,14180016,1,12881,6523,400,300
R,match,GPU+VS,3.4,29.9,70.6,0,16.4,16.5,93824,92864,0,0,92864,3.0,10.0,3268046,1228978,230213,16402006,1,96664,95704,400,300
R,match,GPU+Q,4.1,-1,5.2,0,17.9,17.9,7808,4199,3542,0,0,1.0,3.4,5846534,386317,203850,17887138,1,7274,3912,400,300
R,match,GPU+WC,4.5,-1,5.1,0,17.2,17.3,7808,4199,3542,0,0,2.0,2.3,5776407,256343,55563,17215230,1,7558,4065,400,300
R,match,GPU+2D,4.8,-1,5.1,0,17.4,17.7,7808,4199,3542,0,0,2.0,2.5,5789323,282169,230399,17411860,1,7492,4029,400,300
R,match,GPU+T16,5.2,-1,5.2,0,17.5,17.5,7808,4199,3542,0,0,2.0,2.6,5805902,283728,229436,17474456,1,7445,4004,400,300
R,match,GPU+FS2,5.3,-1,5.2,0,17.2,17.3,7808,4199,3542,0,0,2.0,2.3,5775418,253159,229627,17201352,1,7559,4065,400,300
R,match,GPU+VS+S,5.4,30.0,72.5,0,16.0,16.1,93824,92864,0,0,92864,3.0,9.9,3552445,1104755,257915,16046790,2,99919,98959,400,300
R,match,GPU+VS+FS2,6.6,31.5,72.9,0,15.9,15.9,93824,92864,0,0,92864,3.0,10.4,3211783,1163672,230282,15834432,2,101633,100673,400,300
R,mix,ARM,0.2,1.2,3.4,0,15.3,15.6,4720,2083,1879,52531,0,0.0,0.0,6170527,0,216775,15282600,1,5284,2342,400,300
R,mix,GPU,2.1,2.8,6.9,0,13.5,13.5,7840,3518,2816,0,0,2.0,1.9,4136879,206975,216686,13450011,1,10287,4643,400,300
R,mix,GPU+AA,2.1,2.7,6.8,0,13.8,13.9,7840,3518,2816,0,0,2.0,2.1,4227662,234726,221421,13795992,1,10037,4528,400,300
R,mix,GPU+VS,3.4,24.8,50.9,0,15.5,15.5,70240,70238,0,0,70238,3.0,9.8,3163744,1089487,242205,15454948,1,78950,78948,400,300
R,mix,GPU+T16,5.2,2.8,6.9,0,13.5,13.5,7840,3518,2816,0,0,2.0,1.9,4136375,206504,216690,13439335,1,10332,4664,400,300
R,mix,GPU+FS2,5.3,2.8,6.9,0,13.4,13.5,7840,3518,2816,0,0,2.0,1.8,4138631,204317,216912,13433436,1,10339,4667,400,300
R,mix,GPU+VS+FS2,6.6,24.6,50.7,0,15.5,15.5,70240,70238,0,0,70238,3.0,9.8,3180458,1094576,242524,15514220,1,78412,78410,400,300
R,queue,GPU,2.1,90.3,266.7,0,16.5,16.5,8448,3443,4928,0,0,1.0,1.3,9341365,146534,131284,16453072,2,8665,3530,400,300
R,queue,GPU+VS,3.4,585.1,1603.5,0,14.6,14.6,47232,47232,0,0,47232,1.0,3.5,7225545,394131,115939,14575004,2,56169,56169,400,300
R,queue,GPU+VS+Q,4.1,651.9,1785.2,0,11.1,11.1,47232,47232,0,0,47232,1.0,6.6,6829354,60,123387,11088708,2,62582,62582,400,300
R,queue,GPU+Q,4.1,109.7,317.0,0,14.0,14.0,8448,3443,4928,0,0,1.0,6.6,9197023,60,128789,14965056,2,10528,4278,400,300
R,queue,GPU+VS+Q2,5.1,652.3,1785.7,0,11.1,11.1,47232,47232,0,0,47232,1.0,6.6,6829383,60,123442,11088156,2,62620,62620,400,300
R,queue,GPU+VS+FS2,6.6,585.1,1601.7,0,14.6,14.6,47232,47232,0,0,47232,1.0,3.5,7233169,398198,116061,14584943,2,56174,56174,400,300
R,big,ARM,0.2,-1,-1,0,81.5,81.6,24192,18488,12337,158503,0,0.0,0.0,31037660,0,735530,81436176,0,4950,3783,400,300
R,big,GPU,2.1,-1,-1,0,58.2,58.2,24192,18487,12337,0,0,1.0,6.5,20491584,740265,930597,58168796,0,6931,5297,400,300
R,big,GPU+VS1,3.0,-1,2.3,0,17.0,17.1,24192,18487,5112,0,14112,1.0,4.8,5024850,537316,209051,17036140,0,23670,18089,400,300
R,big,GPU+VS,3.4,9.3,23.1,0,15.0,15.0,94752,94752,0,0,94752,1.0,13.6,1815296,1523749,29442,15005494,1,108207,108207,400,300
R,big,GPU+VS+Q,4.1,9.4,23.1,0,14.0,15.0,94752,94752,0,0,94752,1.0,13.5,1811785,1520186,29437,14975328,1,108475,108475,400,300
R,big,GPU+Q,4.1,-1,-1,0,58.0,58.0,24192,18487,12337,0,0,1.0,6.5,20491512,731673,925287,58011296,0,6949,5311,400,300
R,big,GPU+VS+S,5.4,13.6,31.9,0,16.1,16.1,145152,145152,0,0,145152,1.0,14.5,1948623,1630293,31959,16049496,2,151680,151680,400,300
R,big,GPU+VS+FS2,6.6,9.2,22.9,0,15.1,15.1,94752,94752,0,0,94752,1.0,13.7,1827319,1537698,29288,15125482,1,107323,107323,400,300
R,big_logic,ARM,0.2,-1,-1,0,87.0,88.1,24192,18488,12337,158503,0,0.0,0.0,36253800,0,733107,87947600,0,4584,3503,400,300
R,big_logic,GPU,2.1,-1,-1,0,64.7,64.7,24192,18487,12337,0,0,1.0,6.5,25711776,733642,928109,64661852,0,6235,4765,400,300
R,big_logic,GPU+VS1,3.0,-1,1.8,0,23.5,23.5,24192,18487,5112,0,14112,1.0,4.8,10237342,535639,206755,23497238,0,17153,13109,399,300
R,big_logic,GPU+VS,3.4,4.2,17.6,0,16.4,16.5,54432,54432,0,0,54432,1.0,8.5,6449051,955780,28903,16448216,2,56165,56165,400,300
R,big_logic,GPU+VS+Q,4.1,9.3,23.1,0,15.0,15.1,94752,94752,0,0,94752,1.0,13.6,6298071,790265,29453,15032659,1,107994,107994,400,300
R,big_logic,GPU+Q,4.1,-1,-1,0,58.7,58.8,24192,18487,12337,0,0,1.0,6.6,24978390,102,925922,58731184,0,6864,5246,400,300
R,big_logic,GPU+VS+S,5.4,6.4,24.6,0,16.3,16.3,74592,74592,0,0,74592,1.0,8.3,6440939,938120,29895,16308475,2,78762,78762,400,300
R,big_logic,GPU+VS+FS2,6.6,4.0,17.4,0,16.6,16.6,54432,54432,0,0,54432,1.0,8.6,6467885,968434,29063,16608554,2,54867,54867,400,300
R,gpu2d,ARM,0.2,1641.9,3876.1,0,16.0,16.0,576,226,336,43826,0,0.0,0.0,9116492,0,166656,15984078,2,576,227,400,300
R,gpu2d,GPU,2.1,1939.4,4165.9,0,13.8,13.8,576,226,336,0,0,1.0,0.3,8257938,34249,73540,13763100,2,576,227,400,300
R,gpu2d,GPU+2D,4.8,2047.2,4379.4,0,12.6,13.9,576,226,336,0,0,1.0,7.4,3915388,828096,332022,12971306,1,576,227,400,300
R,gpu2d,GPU+VS+FS2,6.6,1984.6,4208.9,0,13.4,13.5,576,576,0,0,576,1.0,0.3,8080647,36425,67572,13439102,1,576,576,400,300
R,bilinear,GPU,2.1,109.7,231.3,0,13.7,13.7,176,176,352,0,0,1.0,11.8,1853025,1326535,34355,13707448,1,219,219,400,300
score 2601 (bm3d 6.6 as the games get it, 24 of 24 tests), GPU bm3d 2.1 964, ARM bm3d 0.2 171; 1000: bm3d 2.1 at its best on the Pi Zero W
columns S,driver,version,score,tests,full
S,games,6.6,2601,24,1
S,GPU,2.1,964,24,1
S,ARM,0.2,171,24,1
triangles at 60 fps 78412 in the mix (78410 drawn), the most 147200 (clip)
total 248 s
