bm report
kind: bench3d
kernel: v0.2.3-42-g6702c9a
branch: bm3d-driver
board: RGB30
date: 2026-10-05 21:09:57
file: 20261005-210957_bench3d_rgb30_v0.2.3-42-g6702c9a.txt

bm 3D Bench
kernel v0.2.3-42-g6702c9a
drivers bm3d 6.2 (M41)
date 2026-10-05 21:08 UTC
machine RGB30, Cortex-A55, the 3D on the ARM (Mali: not tested (Dev > GPU test))
gpu no GPU driver on the RGB30 yet
probes none
counters Cortex-A55 PMU
previous bm/bench/3D0008.TXT
columns R,test,profile,version,n60,n30,over,ms,worst,tris_in,tris,verts,pixels,gltris,jobs,gpu_ms,instr,wait_instr,dmiss,cycles,secs
R,spheres,ARM,0.2,157.7,413.4,0,16.6,16.6,14976,6105,8736,152915,0,0.0,0.0,12569304,0,11809,13509732,3
R,spheres_smooth,ARM,0.2,80.0,301.4,0,14.0,14.0,6336,2540,3696,153944,0,0.0,0.0,12914478,0,14592,12214227,3
R,spheres_tex,ARM,0.2,27.6,140.1,0,16.5,16.7,2112,825,1232,162937,0,0.0,0.0,13094355,0,24266,13453872,3
R,spheres_unlit,ARM,0.2,179.4,469.1,0,15.3,15.4,14976,6105,8736,152915,0,0.0,0.0,11873732,0,11223,12519128,3
R,spheres_baked,ARM,0.2,89.9,379.8,0,16.5,16.5,8448,3443,4928,166485,0,0.0,0.0,14377762,0,11450,13434560,3
R,spheres_shine,ARM,0.2,67.1,225.2,0,16.5,16.5,6336,2540,3696,153944,0,0.0,0.0,13716076,0,14632,13465212,3
R,heroes,ARM,0.2,7.6,16.0,0,14.2,14.2,9216,3766,5376,63742,0,0.0,0.0,10749584,0,15734,11586431,2
R,heroes_tex,ARM,0.2,5.8,13.7,0,14.2,14.2,7680,3140,4480,46283,0,0.0,0.0,11165348,0,17629,11606158,2
R,heroes_skin,ARM,0.2,5.7,13.6,0,14.4,14.5,7680,3176,4480,48094,0,0.0,0.0,11311059,0,17227,11768254,2
R,heroes_shadow,ARM,0.2,1.7,7.0,0,14.5,14.5,2048,1079,1246,145478,0,0.0,0.0,12205919,0,24455,11833052,1
R,clip,ARM,0.2,222.4,3059.9,1,16.5,16.5,8320,1650,1950,173489,0,0.0,0.0,13947834,0,31467,13484070,4
R,tiny,ARM,0.2,29.8,64.2,0,16.3,16.3,14848,14848,8381,8951,0,0.0,0.0,12571904,0,4964,13263738,2
R,draws,ARM,0.2,834.6,2071.7,0,14.3,14.4,7872,3712,4992,147702,0,0.0,0.0,11085530,0,9894,11652379,3
R,quad_flat,ARM,0.2,16.2,34.3,0,13.7,13.8,26,26,52,748800,0,0.0,0.0,13911552,0,12949,11219482,2
R,quad_smooth,ARM,0.2,9.7,20.6,0,14.1,14.1,16,16,32,460800,0,0.0,0.0,14742322,0,8728,11473503,2
R,quad_tex,ARM,0.2,5.9,12.6,0,14.4,14.4,10,10,20,288000,0,0.0,0.0,12854344,0,9162,11733651,1
R,quad_alpha,ARM,0.2,6.1,12.9,0,16.4,16.4,12,12,24,323120,0,0.0,0.0,14578463,0,9289,13416387,1
R,quad_screen,ARM,0.2,27.0,59.4,0,13.5,13.5,44,44,88,633600,0,0.0,0.0,12306511,0,22500,11024424,2
R,quad_texscreen,ARM,0.2,7.4,15.7,0,13.9,13.9,12,12,24,161560,0,0.0,0.0,14754090,0,9679,11345963,2
R,texswap,ARM,0.2,1046.4,4759.0,1,15.8,15.8,1748,1568,3136,137772,0,0.0,0.0,12171484,0,28686,12905366,4
R,split,ARM,0.2,22.9,49.1,0,16.1,16.1,8448,3283,4928,254939,0,0.0,0.0,12746107,0,19484,13145203,2
R,match,ARM,0.2,-1,6.7,0,17.7,17.8,6272,3442,3542,142521,0,0.0,0.0,14290894,0,30495,14483806,2
R,big,ARM,0.2,-1,-1,0,41.8,41.9,24192,18488,12337,158503,0,0.0,0.0,28629356,0,102587,34148312,0
R,big_logic,ARM,0.2,-1,-1,0,46.7,46.8,24192,18488,12337,158503,0,0.0,0.0,33830128,0,102689,38083880,0
R,gpu2d,ARM,0.2,3283.2,6541.0,1,14.5,14.5,576,227,336,43826,0,0.0,0.0,13687315,0,17294,11828558,3
total 64 s
