bm report
kind: bench3d
kernel: v0.2.3-46-g23fe9fe
branch: bm3d-driver
board: RGB30
date: 2026-10-06 07:30:19
file: 20261006-073019_bench3d_rgb30_v0.2.3-46-g23fe9fe.txt

bm 3D Bench
kernel v0.2.3-46-g23fe9fe
drivers bm3d 6.3 (M41)
date 2026-10-06 07:28 UTC
machine RGB30, Cortex-A55, the 3D on the ARM (Mali: not tested (Dev > GPU test))
gpu no GPU driver on the RGB30 yet
probes none
counters Cortex-A55 PMU
previous bm/bench/3D0010.TXT
columns R,test,profile,version,n60,n30,over,ms,worst,tris_in,tris,verts,pixels,gltris,jobs,gpu_ms,instr,wait_instr,dmiss,cycles,secs
R,spheres,ARM,0.2,157.0,412.5,0,16.6,16.6,14976,6105,8736,152915,0,0.0,0.0,12569336,0,13026,13545428,3
R,spheres_smooth,ARM,0.2,79.5,297.6,0,15.0,15.0,6336,2540,3696,153944,0,0.0,0.0,12914510,0,16117,12257947,3
R,spheres_tex,ARM,0.2,26.0,139.9,0,16.5,16.7,2112,825,1232,162937,0,0.0,0.0,13094390,0,25135,13465319,3
R,spheres_unlit,ARM,0.2,178.7,468.4,0,15.4,15.4,14976,6105,8736,152915,0,0.0,0.0,11873732,0,12501,12554239,3
R,spheres_baked,ARM,0.2,89.7,378.2,0,16.5,16.5,8448,3443,4928,166485,0,0.0,0.0,14377699,0,12134,13465511,3
R,spheres_shine,ARM,0.2,66.8,223.4,0,16.6,16.6,6336,2540,3696,153944,0,0.0,0.0,13716074,0,16185,13512020,3
R,heroes,ARM,0.2,7.6,16.0,0,14.2,14.2,9216,3766,5376,63742,0,0.0,0.0,10749678,0,16100,11564916,2
R,heroes_tex,ARM,0.2,5.8,13.7,0,14.2,14.2,7680,3140,4480,46283,0,0.0,0.0,11165441,0,16724,11581491,2
R,heroes_skin,ARM,0.2,5.7,13.6,0,14.4,14.5,7680,3176,4480,48094,0,0.0,0.0,11310994,0,17251,11769252,2
R,heroes_shadow,ARM,0.2,1.7,7.0,0,14.5,14.6,2048,1079,1246,145478,0,0.0,0.0,12205980,0,25054,11845671,1
R,clip,ARM,0.2,219.2,3044.4,1,16.6,16.6,8320,1650,1950,173489,0,0.0,0.0,13947862,0,32223,13510756,4
R,tiny,ARM,0.2,29.9,64.3,0,16.3,16.3,14848,14848,8381,8951,0,0.0,0.0,12571904,0,4372,13254078,2
R,draws,ARM,0.2,831.9,2065.9,0,14.3,14.4,7872,3712,4992,147702,0,0.0,0.0,11085562,0,9993,11671520,3
R,quad_flat,ARM,0.2,16.2,34.4,0,13.8,13.8,26,26,52,748800,0,0.0,0.0,13911614,0,12986,11222866,2
R,quad_smooth,ARM,0.2,9.7,20.6,0,14.1,14.1,16,16,32,460800,0,0.0,0.0,14742322,0,10400,11480620,2
R,quad_tex,ARM,0.2,5.9,12.5,0,14.4,14.4,10,10,20,288000,0,0.0,0.0,12854314,0,9707,11759484,1
R,quad_alpha,ARM,0.2,6.1,12.9,0,16.4,16.5,12,12,24,323120,0,0.0,0.0,14578430,0,9641,13421635,1
R,quad_screen,ARM,0.2,27.0,59.4,0,13.5,13.5,44,44,88,633600,0,0.0,0.0,12306511,0,22147,11013526,2
R,quad_texscreen,ARM,0.2,7.4,15.7,0,13.9,13.9,12,12,24,161560,0,0.0,0.0,14754152,0,9321,11343039,2
R,texswap,ARM,0.2,1048.9,4791.6,1,15.8,15.8,1748,1568,3136,137772,0,0.0,0.0,12171484,0,29299,12903915,4
R,split,ARM,0.2,22.8,49.1,0,16.1,16.2,8448,3283,4928,254939,0,0.0,0.0,12746046,0,19698,13157019,2
R,match,ARM,0.2,-1,6.7,0,17.7,17.8,6272,3442,3542,142521,0,0.0,0.0,14290831,0,31221,14489614,2
R,big,ARM,0.2,-1,-1,0,41.9,41.9,24192,18488,12337,158503,0,0.0,0.0,28629316,0,107428,34150440,0
R,big_logic,ARM,0.2,-1,-1,0,46.7,46.7,24192,18488,12337,158503,0,0.0,0.0,33830296,0,107675,38068432,0
R,gpu2d,ARM,0.2,3248.0,6541.0,1,14.6,14.7,576,227,336,43826,0,0.0,0.0,13687284,0,19919,11960938,3
total 64 s
