bm report
kind: bench3d
kernel: v0.2.3-51-g4833e08
branch: bm3d-driver
board: RGB30
date: 2026-10-06 10:35:09
file: 20261006-103509_bench3d_rgb30_v0.2.3-51-g4833e08.txt

bm 3D Bench
kernel v0.2.3-51-g4833e08
drivers bm3d 6.5 (M41)
date 2026-10-06 10:32 UTC
machine RGB30, Cortex-A55, the 3D on the ARM (Mali: not tested (Dev > GPU test))
gpu no GPU driver on the RGB30 yet
probes none
counters Cortex-A55 PMU
previous bm/bench/3D0013.TXT
columns R,test,profile,version,n60,n30,over,ms,worst,tris_in,tris,verts,pixels,gltris,jobs,gpu_ms,instr,wait_instr,dmiss,cycles,secs,tris60,drawn60,core_mhz,gpu_mhz
R,spheres,ARM,0.2,156.7,413.4,0,16.6,16.7,14976,6105,8736,152915,0,0.0,0.0,12569526,0,12380,13562646,3,15041,6132,0,0
R,spheres_smooth,ARM,0.2,79.5,297.7,0,15.0,15.1,6336,2540,3696,153944,0,0.0,0.0,12914607,0,14701,12264554,3,7629,3093,0,0
R,spheres_tex,ARM,0.2,29.1,140.4,0,16.7,16.7,2784,1111,1624,141185,0,0.0,0.0,13087571,0,25230,13601059,3,2789,1113,0,0
R,spheres_unlit,ARM,0.2,178.5,469.4,0,15.4,15.4,14976,6105,8736,152915,0,0.0,0.0,11873920,0,11785,12562566,3,17135,6993,0,0
R,spheres_baked,ARM,0.2,89.5,378.4,0,16.5,16.6,8448,3443,4928,166485,0,0.0,0.0,14377880,0,11347,13482167,3,8592,3501,0,0
R,spheres_shine,ARM,0.2,66.7,222.8,0,16.6,16.6,6336,2540,3696,153944,0,0.0,0.0,13716108,0,14732,13516951,3,6406,2570,0,0
R,heroes,ARM,0.2,7.6,16.0,0,14.2,14.2,9216,3766,5376,63742,0,0.0,0.0,10749590,0,15138,11570054,2,11703,4788,0,0
R,heroes_tex,ARM,0.2,5.8,13.8,0,14.2,14.2,7680,3140,4480,46283,0,0.0,0.0,11165353,0,15520,11547438,2,8970,3666,0,0
R,heroes_skin,ARM,0.2,5.8,13.7,0,14.4,14.4,7680,3176,4480,48094,0,0.0,0.0,11311032,0,15636,11707126,2,8852,3656,0,0
R,heroes_shadow,ARM,0.2,1.7,7.0,0,14.5,14.6,3584,1835,1246,145478,0,0.0,0.0,12208178,0,24962,11855979,1,5779,2823,0,0
R,clip,ARM,0.2,221.4,3055.7,1,16.5,16.6,8320,1650,1950,173489,0,0.0,0.0,13947911,0,31869,13489978,4,8856,1733,0,0
R,tiny,ARM,0.2,29.8,64.2,0,16.3,16.3,14848,14848,8381,8951,0,0.0,0.0,12571903,0,4612,13266608,2,15269,15269,0,0
R,draws,ARM,0.2,832.8,2066.4,0,14.3,14.4,7872,3712,4992,147702,0,0.0,0.0,11086183,0,9796,11667868,3,9993,4477,0,0
R,quad_flat,ARM,0.2,16.2,34.4,0,13.8,13.8,26,26,52,748800,0,0.0,0.0,13911594,0,13981,11222764,2,32,32,0,0
R,quad_smooth,ARM,0.2,9.7,20.6,0,14.1,14.1,16,16,32,460800,0,0.0,0.0,14742362,0,9716,11480870,2,19,19,0,0
R,quad_tex,ARM,0.2,5.9,12.6,0,14.4,14.4,10,10,20,288000,0,0.0,0.0,12854351,0,9673,11738546,1,12,12,0,0
R,quad_alpha,ARM,0.2,6.1,12.9,0,16.5,16.5,12,12,24,323120,0,0.0,0.0,14578500,0,11478,13471391,1,12,12,0,0
R,quad_screen,ARM,0.2,28.1,59.7,0,13.4,13.4,44,44,88,633600,0,0.0,0.0,12306532,0,22410,10963798,2,56,56,0,0
R,quad_texscreen,ARM,0.2,7.4,15.6,0,13.9,13.0,12,12,24,161560,0,0.0,0.0,14754158,0,10752,11373846,2,15,15,0,0
R,texswap,ARM,0.2,1054.4,4796.5,1,15.8,15.8,1748,1568,3136,137772,0,0.0,0.0,12172238,0,28179,12855602,4,2109,1864,0,0
R,split,ARM,0.2,22.9,49.1,0,16.1,16.1,8448,3283,4928,254939,0,0.0,0.0,12746136,0,19210,13154066,2,8777,3411,0,0
R,match,ARM,0.2,-1,6.6,0,17.8,17.9,7808,4198,3542,142521,0,0.0,0.0,14293176,0,30869,14512976,2,7321,3937,0,0
R,mix,ARM,0.2,3.0,7.8,0,16.7,16.8,10960,4950,3753,78955,0,0.0,0.0,12753638,0,24513,13585184,2,10962,4951,0,0
R,big,ARM,0.2,-1,-1,0,41.9,41.9,24192,18488,12337,158503,0,0.0,0.0,28629324,0,102973,34137648,0,9632,7361,0,0
R,big_logic,ARM,0.2,-1,-1,0,46.6,46.7,24192,18488,12337,158503,0,0.0,0.0,33830112,0,102644,38039752,0,8652,6612,0,0
R,gpu2d,ARM,0.2,3272.3,6541.0,1,14.6,14.6,576,227,336,43826,0,0.0,0.0,13734206,0,17996,11887760,3,576,227,0,0
score 422 (bm3d 6.5 as the games get it, 24 of 24 tests), GPU bm3d 2.1 0, ARM bm3d 0.2 422; 1000: bm3d 2.1 at its best on the Pi Zero W
columns S,driver,version,score,tests,full
S,games,6.5,422,24,1
S,GPU,2.1,0,0,0
S,ARM,0.2,422,24,1
triangles at 60 fps 10962 in the mix (4951 drawn), the most 17135 (spheres_unlit)
total 66 s
