bm report
kind: bench3d
kernel: v0.2.3-17-gb245a4e
branch: bm3d-driver
board: RGB30
date: 2026-10-05 19:43:57
file: 20261005-194357_bench3d_rgb30_v0.2.3-17-gb245a4e.txt

bm 3D Bench
kernel v0.2.3-17-gb245a4e
drivers bm3d 6.2 (M41)
date 2026-10-05 19:42 UTC
machine RGB30, Cortex-A55, the 3D on the ARM (Mali: not tested (Dev > GPU test))
gpu no GPU driver on the RGB30 yet
probes none
counters Cortex-A55 PMU
previous bm/bench/3D0007.TXT
columns R,test,profile,version,n60,n30,over,ms,worst,tris_in,tris,verts,pixels,gltris,jobs,gpu_ms,instr,wait_instr,dmiss,cycles,secs
R,spheres,ARM,0.2,154.5,408.1,0,14.5,14.5,11232,4562,6552,171980,0,0.0,0.0,11131485,0,13998,11797242,3
R,spheres_smooth,ARM,0.2,77.9,285.8,0,15.2,15.2,6336,2540,3696,153944,0,0.0,0.0,12914540,0,17805,12388455,3
R,spheres_tex,ARM,0.2,24.9,136.1,0,16.6,16.8,2112,825,1232,162937,0,0.0,0.0,13094390,0,26371,13513182,3
R,spheres_unlit,ARM,0.2,176.4,464.9,0,15.5,15.6,14976,6105,8736,152915,0,0.0,0.0,11873795,0,13215,12662979,3
R,spheres_baked,ARM,0.2,88.3,372.0,0,16.6,16.7,8448,3443,4928,166485,0,0.0,0.0,14377762,0,13247,13572930,3
R,spheres_shine,ARM,0.2,65.6,218.1,0,14.6,14.6,4800,1933,2800,149650,0,0.0,0.0,12317419,0,15711,11903215,3
R,heroes,ARM,0.2,7.6,16.9,0,14.2,14.3,9216,3766,5376,63742,0,0.0,0.0,10749678,0,16303,11620647,2
R,heroes_tex,ARM,0.2,5.8,13.6,0,14.3,14.3,7680,3140,4480,46283,0,0.0,0.0,11165441,0,17291,11639699,2
R,heroes_skin,ARM,0.2,5.7,13.5,0,14.5,14.5,7680,3176,4480,48094,0,0.0,0.0,11311059,0,17565,11803967,2
R,heroes_shadow,ARM,0.2,1.7,6.0,0,14.5,14.6,2048,1079,1246,145478,0,0.0,0.0,12205954,0,25075,11861546,1
R,clip,ARM,0.2,216.6,3036.4,1,16.6,16.6,8320,1650,1950,173489,0,0.0,0.0,13947894,0,32765,13530430,4
R,tiny,ARM,0.2,29.8,64.1,0,16.3,16.3,14848,14848,8381,8951,0,0.0,0.0,12571904,0,5565,13289286,2
R,draws,ARM,0.2,819.9,2036.2,0,14.4,14.5,7872,3712,4992,147702,0,0.0,0.0,11085562,0,10434,11781770,3
R,quad_flat,ARM,0.2,16.2,34.3,0,13.8,13.8,26,26,52,748800,0,0.0,0.0,13911614,0,13835,11247051,2
R,quad_smooth,ARM,0.2,9.7,20.6,0,14.1,14.1,16,16,32,460800,0,0.0,0.0,14742354,0,10746,11496326,2
R,quad_tex,ARM,0.2,5.9,12.6,0,14.4,14.4,10,10,20,288000,0,0.0,0.0,12854283,0,8488,11710710,1
R,quad_alpha,ARM,0.2,6.1,12.0,0,16.4,16.4,12,12,24,323120,0,0.0,0.0,14578462,0,9054,13407411,1
R,quad_screen,ARM,0.2,27.9,59.4,0,13.5,13.5,44,44,88,633600,0,0.0,0.0,12306507,0,22689,11029788,2
R,quad_texscreen,ARM,0.2,7.4,15.7,0,13.9,13.9,12,12,24,161560,0,0.0,0.0,14754118,0,8896,11329814,2
R,texswap,ARM,0.2,1014.4,4729.0,0,15.0,16.0,1748,1568,3136,137772,0,0.0,0.0,12171547,0,31714,13046580,4
R,split,ARM,0.2,22.7,48.7,0,16.2,16.3,8448,3283,4928,254939,0,0.0,0.0,12746142,0,20461,13232018,2
R,match,ARM,0.2,-1,6.6,0,17.8,17.9,6272,3442,3542,142521,0,0.0,0.0,14290856,0,31572,14530431,2
R,big,ARM,0.2,-1,-1,0,42.2,42.3,24192,18488,12337,158503,0,0.0,0.0,28629380,0,109263,34409968,0
R,big_logic,ARM,0.2,-1,-1,0,46.9,47.0,24192,18488,12337,158503,0,0.0,0.0,33830296,0,109291,38305468,0
R,gpu2d,ARM,0.2,3286.6,6541.0,1,14.5,14.5,576,227,336,43826,0,0.0,0.0,13687252,0,17424,11849160,3
total 64 s
