bm report
kind: bench3d
kernel: v0.2.3-14-gc1bfb50
branch: bm3d-driver
board: Pi Zero W
date: 2026-10-05 16:19:21
file: 20261005-161921_bench3d_pi-zero-w_v0.2.3-14-gc1bfb50.txt

bm 3D Bench
kernel v0.2.3-14-gc1bfb50
drivers bm3d 6.1 (M41)
date 2026-10-05 16:16 UTC
machine ARM 1000 MHz, core 250, V3D 250, SDRAM 400 MHz, 49.7 C, throttled 00000
gpu the GPU did not finish a frame (registers in the log)
probes vertex shader probe (VPM in bytes): 0000 0000 0000 0000 (clockwise bit 0); vertex shader probe (VPM in words): 0000 0000 0000 0000 (clockwise bit 0)
counters ARM1176 PMU
previous bm/bench/3D0001.TXT
columns R,test,profile,version,n60,n30,over,ms,worst,tris_in,tris,verts,pixels,gltris,jobs,gpu_ms,instr,wait_instr,dmiss,cycles,secs
R,spheres,ARM,0.2,72.6,208.6,0,15.7,15.7,6336,2540,3696,137295,0,0.0,0.0,6435135,0,167113,15655758,2
R,spheres,GPU,2.1,205.0,430.0,0,13.3,13.3,14976,6103,8736,0,0,1.0,2.4,5776595,242999,205533,13272378,1
R,spheres,GPU+AA,2.1,195.6,427.3,0,13.9,13.9,14976,6103,8736,0,0,1.0,3.0,5898016,341209,207447,13918758,1
R,spheres,GPU+WC,4.5,205.6,431.1,0,13.0,13.1,14976,6103,8736,0,0,1.0,2.2,5778679,242873,52072,13040904,1
R,spheres_smooth,ARM,0.2,21.8,102.2,0,13.5,13.7,1632,640,952,131040,0,0.0,0.0,6693339,0,148027,13502098,2
R,spheres_smooth,GPU,2.1,158.0,332.1,0,16.5,16.5,14976,6103,8736,0,0,1.0,2.2,7096750,245353,226226,16474830,1
R,spheres_tex,ARM,0.2,-1,54.0,0,15.8,15.9,576,213,336,119532,0,0.0,0.0,7858100,0,146027,15759543,2
R,spheres_tex,GPU,2.1,161.2,338.9,0,16.2,16.2,14976,6103,8736,0,0,1.0,2.2,6864985,239701,251796,16184140,1
R,spheres_tex,GPU+T16,5.2,161.3,338.0,0,16.2,16.2,14976,6103,8736,0,0,1.0,2.2,6869795,242401,252016,16172435,1
R,spheres_tex,GPU+FS2,5.3,161.2,338.8,0,16.2,16.2,14976,6103,8736,0,0,1.0,2.2,6870611,243213,252056,16177790,1
R,spheres_unlit,ARM,0.2,78.4,229.1,0,14.9,14.0,6336,2540,3696,137295,0,0.0,0.0,6112766,0,168398,14913262,2
R,spheres_unlit,GPU,2.1,240.1,504.5,0,14.6,14.7,19968,8156,11648,0,0,1.0,2.8,6556507,312477,264098,14639054,1
R,spheres_baked,ARM,0.2,25.9,111.0,0,16.3,16.4,2112,824,1232,169127,0,0.0,0.0,8362684,0,144442,16261024,2
R,spheres_baked,GPU,2.1,193.2,405.5,0,13.8,13.8,14976,6103,8736,0,0,1.0,2.2,6155704,244176,169289,13782354,1
R,spheres_shine,ARM,0.2,20.5,85.8,0,14.2,14.5,1632,640,952,131040,0,0.0,0.0,6899689,0,146037,14216990,2
R,spheres_shine,GPU,2.1,111.1,232.8,0,13.6,13.7,8448,3443,4928,0,0,1.0,1.3,5226204,146439,137027,13622555,1
R,heroes,ARM,0.2,3.9,8.5,0,12.7,12.7,4608,1885,2688,21260,0,0.0,0.0,4530458,0,186479,12664164,1
R,heroes,GPU,2.1,6.2,13.3,0,16.2,16.2,9216,3767,5376,0,0,1.0,1.2,5721269,134819,198717,16213196,1
R,heroes,GPU+WC,4.5,6.2,13.3,0,16.2,16.3,9216,3767,5376,0,0,1.0,1.2,5719787,133438,94159,16211923,1
R,heroes_tex,ARM,0.2,3.5,6.8,0,14.0,14.1,4608,1885,2688,19668,0,0.0,0.0,5469626,0,203825,14047222,1
R,heroes_tex,GPU,2.1,6.7,14.4,0,15.1,15.2,9216,3767,5376,0,0,1.0,1.2,5172620,138906,241012,15143060,1
R,heroes_tex,GPU+T16,5.2,6.7,14.4,0,15.1,15.2,9216,3767,5376,0,0,1.0,1.2,5168186,134539,240789,15118638,1
R,heroes_tex,GPU+FS2,5.3,6.7,14.4,0,15.1,15.2,9216,3767,5376,0,0,1.0,1.2,5174407,136469,241145,15149403,1
R,heroes_skin,ARM,0.2,3.4,6.5,0,14.4,14.5,4608,1906,2688,21083,0,0.0,0.0,5604355,0,203317,14429059,1
R,heroes_skin,GPU,2.1,6.6,14.1,0,15.5,15.6,9216,3805,5376,0,0,1.0,1.3,5218258,138537,242480,15451340,1
R,heroes_shadow,ARM,0.2,-1,2.5,0,24.4,24.4,2048,1079,1246,145478,0,0.0,0.0,11214088,0,229193,24423376,0
R,heroes_shadow,GPU,2.1,3.3,7.8,0,15.5,15.6,5120,2333,3038,0,0,1.0,1.0,5167761,221092,222768,15502246,1
R,clip,ARM,0.2,17.9,618.4,0,16.2,16.2,672,184,225,120893,0,0.0,0.0,8038895,0,150897,16183150,3
R,clip,GPU,2.1,791.2,1837.9,0,14.5,14.6,26240,4141,4895,0,0,1.0,2.2,5493597,235034,218372,14455780,2
R,tiny,ARM,0.2,14.7,31.8,0,14.9,14.0,6656,6656,3757,4012,0,0.0,0.0,5933095,0,220886,14881694,1
R,tiny,GPU,2.1,19.6,41.4,0,14.8,14.8,8704,8704,4913,0,0,1.0,2.6,6387720,293759,296456,14771176,1
R,draws,ARM,0.2,479.5,1521.8,0,14.6,14.8,4428,2066,2792,143489,0,0.0,0.0,5668053,0,180450,14587902,2
R,draws,GPU,2.1,1198.7,2713.8,0,16.3,16.4,13980,6083,8184,0,0,1.0,2.6,6882131,289863,222858,16274319,1
R,draws,GPU+WC,4.5,1196.7,2713.8,0,16.3,16.4,13980,6083,8184,0,0,1.0,2.6,6883007,286486,70426,16298658,1
R,quad_flat,ARM,0.2,11.9,25.2,0,14.5,14.5,20,20,40,576000,0,0.0,0.0,6428680,0,156511,14471730,1
R,quad_flat,GPU,2.1,40.0,86.1,0,15.6,15.6,76,76,152,0,0,1.0,14.0,1948338,1584972,30795,15574322,1
R,quad_flat,GPU+AA,2.1,40.5,85.4,0,15.8,15.8,76,76,152,0,0,1.0,14.2,1990877,1591803,32980,15755331,1
R,quad_smooth,ARM,0.2,6.2,13.3,0,16.2,16.2,12,12,24,345600,0,0.0,0.0,9247007,0,141220,16203542,1
R,quad_smooth,GPU,2.1,198.4,417.2,0,13.4,13.5,312,312,624,0,0,1.0,10.9,1992304,1234128,45178,13436127,1
R,quad_tex,ARM,0.2,3.5,7.4,0,14.7,14.8,6,6,12,172800,0,0.0,0.0,7425046,0,134904,14737319,1
R,quad_tex,GPU,2.1,120.9,255.4,0,16.2,16.2,234,234,468,0,0,1.0,14.1,2205808,1587540,39702,16179867,1
R,quad_tex,GPU+WC,4.5,121.0,255.4,0,16.2,16.2,234,234,468,0,0,1.0,14.1,2202002,1588088,9338,16168296,1
R,quad_tex,GPU+T16,5.2,122.2,257.8,0,16.0,16.0,234,234,468,0,0,1.0,13.9,2187108,1566831,39606,16025567,1
R,quad_tex,GPU+FS2,5.3,147.9,312.9,0,13.5,13.6,234,234,468,0,0,1.0,11.4,1906502,1290374,39439,13529640,1
R,quad_alpha,ARM,0.2,3.6,7.6,0,14.4,14.4,6,6,12,161520,0,0.0,0.0,7196239,0,134387,14373258,1
R,quad_alpha,GPU,2.1,114.6,241.8,0,13.2,13.2,176,176,352,0,0,1.0,11.3,1801278,1273702,36301,13178088,1
R,quad_screen,ARM,0.2,14.5,30.5,0,15.1,15.2,26,26,52,374400,0,0.0,0.0,4540078,0,168904,15140112,1
R,quad_screen,GPU,2.1,184.2,387.6,0,14.4,14.4,312,312,624,0,0,1.0,12.2,2050906,1375164,41439,14355111,1
R,quad_texscreen,ARM,0.2,3.0,6.5,0,16.6,16.7,6,6,12,80760,0,0.0,0.0,8766112,0,135383,16614595,1
R,quad_texscreen,GPU,2.1,111.2,234.6,0,13.5,13.6,176,176,352,0,0,1.0,11.6,1842583,1311143,36330,13534879,1
R,texswap,ARM,0.2,89.8,1308.6,0,16.6,16.6,176,176,352,128109,0,0.0,0.0,6970844,0,182682,16593963,3
R,texswap,GPU,2.1,1463.9,3881.2,0,14.3,14.3,2330,2046,4092,0,0,1.0,5.3,4432948,587186,147402,14328062,1
R,split,ARM,0.2,14.2,30.4,0,15.5,15.5,4992,1950,2912,188870,0,0.0,0.0,6439962,0,169377,15454144,1
R,split,GPU,2.1,5.5,10.7,0,15.0,15.1,1920,748,1120,0,0,5.0,11.1,2323192,1088660,163428,15018024,1
R,split,GPU+Q,4.1,5.5,10.7,0,15.0,15.0,1920,748,1120,0,0,5.0,11.1,2416678,1184313,163414,15018144,1
R,split,GPU+2D,4.8,48.7,104.7,0,13.4,13.7,14592,5669,8512,0,0,1.0,2.0,5581895,304139,198483,13423875,1
R,match,ARM,0.2,-1,1.5,0,30.8,30.9,6272,3442,3542,142521,0,0.0,0.0,13667014,0,280834,30816864,0
R,match,GPU,2.1,-1,5.2,0,17.2,17.3,6272,3443,3542,0,0,2.0,2.3,5804107,258747,227460,17246728,1
R,match,GPU+AA,2.1,-1,5.0,0,17.9,18.0,6272,3443,3542,0,0,2.0,2.9,5929895,325894,232200,17916498,1
R,match,GPU+Q,4.1,-1,5.3,0,17.1,17.1,6272,3443,3542,0,0,1.0,2.6,5784267,294602,201752,17061612,1
R,match,GPU+WC,4.5,-1,5.2,0,17.3,17.3,6272,3443,3542,0,0,2.0,2.3,5806443,259035,53274,17251546,1
R,match,GPU+2D,4.8,-1,5.2,0,17.3,17.4,6272,3443,3542,0,0,2.0,2.4,5788924,252314,228407,17332060,1
R,match,GPU+T16,5.2,-1,5.2,0,17.2,17.2,6272,3443,3542,0,0,2.0,2.2,5797939,250598,227316,17189054,1
R,match,GPU+FS2,5.3,-1,2.0,1,13.0,14.0,7808,4077,4438,0,0,0.0,0.0,5239367,0,137111,13988620,0
R,big,ARM,0.2,-1,-1,0,80.2,80.4,24192,18488,12337,158503,0,0.0,0.0,31033140,0,710520,80248112,0
R,big_logic,ARM,0.2,-1,-1,0,86.8,86.0,24192,18488,12337,158503,0,0.0,0.0,36251488,0,714203,86808592,0
R,gpu2d,ARM,0.2,1647.8,3883.9,0,15.0,15.0,576,226,336,43826,0,0.0,0.0,9100990,0,166549,15958615,2
total 112 s
