bm report
kind: bench3d
kernel: v0.2.3-43-gebc152e
branch: bm3d-driver
board: Pi Zero W
date: 2026-10-05 21:30:24
file: 20261005-213024_bench3d_pi-zero-w_v0.2.3-43-gebc152e.txt

bm 3D Bench
kernel v0.2.3-43-gebc152e
drivers bm3d 6.2 (M41)
date 2026-10-05 21:28 UTC
machine ARM 1000 MHz, core 250, V3D 250, SDRAM 400 MHz, 47.6 C, throttled 00000
gpu bm3d 6.2 ready (byte a = red, texels in place, textures in tiles, MSAA on any page, 16-bit textures yes, two-thread shaders yes, vertex shader no, indexed no, clipping no, lit models no, queue yes, zclear in job yes)
probes vertex shader probe (VPM in bytes): 0000 0000 0000 0000 (clockwise bit 0); vertex shader probe (VPM in words): 0000 0000 0000 0000 (clockwise bit 0)
counters ARM1176 PMU
previous bm/bench/3D0005.TXT
columns R,test,profile,version,n60,n30,over,ms,worst,tris_in,tris,verts,pixels,gltris,jobs,gpu_ms,instr,wait_instr,dmiss,cycles,secs
R,spheres,ARM,0.2,72.8,206.9,0,15.6,15.7,6336,2540,3696,137295,0,0.0,0.0,6435097,0,184336,15621824,2
R,spheres,GPU,2.1,193.9,429.8,0,14.1,14.2,14976,6103,8736,0,0,1.0,3.3,5900463,366829,210307,14147280,1
R,spheres,GPU+AA,2.1,176.6,413.1,0,15.2,15.2,14976,6103,8736,0,0,1.0,4.3,6039097,480108,212345,15200643,2
R,spheres,GPU+WC,4.5,205.6,430.5,0,13.1,13.1,14976,6103,8736,0,0,1.0,2.2,5777461,243799,56977,13051738,1
R,spheres_smooth,ARM,0.2,21.8,101.9,0,13.5,13.7,1632,640,952,131040,0,0.0,0.0,6693401,0,146909,13545512,2
R,spheres_smooth,GPU,2.1,159.2,334.3,0,16.4,16.4,14976,6103,8736,0,0,1.0,2.2,7095926,244423,220147,16363688,1
R,spheres_tex,ARM,0.2,6.3,53.8,0,15.9,15.0,576,213,336,119532,0,0.0,0.0,7858100,0,144553,15869156,2
R,spheres_tex,GPU,2.1,162.4,341.0,0,16.1,16.1,14976,6103,8736,0,0,1.0,2.2,6849811,222415,200065,16085852,1
R,spheres_tex,GPU+T16,5.2,160.2,335.9,0,16.3,16.3,14976,6103,8736,0,0,1.0,2.2,6863969,245008,206124,16276566,1
R,spheres_tex,GPU+FS2,5.3,160.1,335.9,0,16.3,16.3,14976,6103,8736,0,0,1.0,2.2,6858607,239641,207089,16287387,1
R,spheres_unlit,ARM,0.2,78.5,227.0,0,14.9,14.9,6336,2540,3696,137295,0,0.0,0.0,6112800,0,183114,14880002,2
R,spheres_unlit,GPU,2.1,239.7,503.2,0,14.7,14.7,19968,8156,11648,0,0,1.0,2.8,6554989,313100,268652,14665020,1
R,spheres_baked,ARM,0.2,25.7,110.9,0,16.3,16.5,2112,824,1232,169127,0,0.0,0.0,8362684,0,145706,16295280,2
R,spheres_baked,GPU,2.1,195.6,410.3,0,13.6,13.7,14976,6103,8736,0,0,1.0,2.2,6154824,243358,173061,13623559,1
R,spheres_shine,ARM,0.2,20.4,85.2,0,14.3,14.5,1632,640,952,131040,0,0.0,0.0,6901799,0,149236,14272362,2
R,spheres_shine,GPU,2.1,109.4,229.1,0,13.8,13.8,8448,3443,4928,0,0,1.0,1.3,5228495,146614,144719,13799414,1
R,heroes,ARM,0.2,3.9,8.4,0,12.8,12.8,4608,1885,2688,21260,0,0.0,0.0,4528481,0,186293,12741934,1
R,heroes,GPU,2.1,6.1,13.1,0,16.4,16.4,9216,3767,5376,0,0,1.0,1.2,5712679,122004,205262,16390096,1
R,heroes,GPU+WC,4.5,6.1,13.1,0,16.4,16.4,9216,3767,5376,0,0,1.0,1.2,5712904,124339,100841,16398638,1
R,heroes_tex,ARM,0.2,3.4,6.6,0,14.2,14.2,4608,1885,2688,19668,0,0.0,0.0,5467584,0,195774,14179738,1
R,heroes_tex,GPU,2.1,6.5,13.9,0,15.6,15.6,9216,3767,5376,0,0,1.0,1.2,5156709,116560,229504,15558950,1
R,heroes_tex,GPU+T16,5.2,6.5,13.9,0,15.5,15.6,9216,3767,5376,0,0,1.0,1.2,5145071,104921,229325,15537858,1
R,heroes_tex,GPU+FS2,5.3,6.5,13.9,0,15.6,15.6,9216,3767,5376,0,0,1.0,1.2,5173581,133424,229257,15558438,1
R,heroes_skin,ARM,0.2,3.4,6.5,0,14.4,14.5,4608,1906,2688,21083,0,0.0,0.0,5608507,0,195999,14389267,1
R,heroes_skin,GPU,2.1,6.7,14.5,0,15.1,15.1,9216,3805,5376,0,0,1.0,1.3,5185708,112543,230042,15059904,1
R,heroes_shadow,ARM,0.2,-1,2.5,0,24.5,24.5,2048,1079,1246,145478,0,0.0,0.0,11214118,0,227476,24489972,0
R,heroes_shadow,GPU,2.1,3.4,7.9,0,15.3,15.4,5120,2333,3038,0,0,1.0,1.9,5121579,185382,226131,15335075,1
R,clip,ARM,0.2,17.8,614.6,0,16.2,16.4,672,184,225,120893,0,0.0,0.0,8041071,0,151244,16229374,3
R,clip,GPU,2.1,795.9,1831.1,0,14.3,14.5,26240,4141,4895,0,0,1.0,2.0,5481405,220727,229963,14359711,2
R,tiny,ARM,0.2,14.7,31.8,0,14.9,14.9,6656,6656,3757,4012,0,0.0,0.0,5933095,0,191818,14845995,1
R,tiny,GPU,2.1,19.6,41.5,0,14.7,14.8,8704,8704,4913,0,0,1.0,2.6,6384003,292113,303665,14735420,1
R,draws,ARM,0.2,477.5,1512.9,0,14.7,14.9,4428,2066,2792,143489,0,0.0,0.0,5665977,0,168116,14666978,2
R,draws,GPU,2.1,1238.9,2722.2,0,15.8,15.8,13980,6083,8184,0,0,1.0,2.1,6825612,235615,229027,15754376,1
R,draws,GPU+WC,4.5,1239.2,2723.0,0,15.8,15.8,13980,6083,8184,0,0,1.0,2.1,6790833,200836,77573,15754958,1
R,quad_flat,ARM,0.2,11.7,24.8,0,14.7,14.7,20,20,40,576000,0,0.0,0.0,6426574,0,158203,14652420,1
R,quad_flat,GPU,2.1,71.3,149.8,0,15.5,15.6,132,132,264,0,0,1.0,13.9,1999966,1561911,33697,15553918,1
R,quad_flat,GPU+AA,2.1,70.2,148.2,0,15.8,15.8,132,132,264,0,0,1.0,14.0,2038018,1566203,35746,15775078,1
R,quad_smooth,ARM,0.2,6.2,13.4,0,16.1,16.1,12,12,24,345600,0,0.0,0.0,9247040,0,142062,16091248,1
R,quad_smooth,GPU,2.1,171.3,359.0,0,15.3,15.4,312,312,624,0,0,1.0,12.8,2202378,1444196,47179,15322707,1
R,quad_tex,ARM,0.2,3.4,7.4,0,14.8,14.8,6,6,12,172800,0,0.0,0.0,7424979,0,134943,14771307,1
R,quad_tex,GPU,2.1,110.0,234.5,0,13.5,13.6,176,176,352,0,0,1.0,11.6,1833141,1304720,35056,13545674,1
R,quad_tex,GPU+WC,4.5,111.2,234.6,0,13.5,13.6,176,176,352,0,0,1.0,11.6,1833636,1305181,6189,13547780,1
R,quad_tex,GPU+T16,5.2,112.1,236.2,0,13.4,13.5,176,176,352,0,0,1.0,11.5,1818630,1288033,35293,13432923,1
R,quad_tex,GPU+FS2,5.3,147.8,312.8,0,13.5,13.5,234,234,468,0,0,1.0,11.4,1891095,1274989,37719,13523740,1
R,quad_alpha,ARM,0.2,3.5,7.6,0,14.5,14.5,6,6,12,161520,0,0.0,0.0,7200525,0,135293,14464028,1
R,quad_alpha,GPU,2.1,104.9,221.5,0,14.3,14.3,176,176,352,0,0,1.0,12.3,1914380,1382584,35184,14252611,1
R,quad_screen,ARM,0.2,14.2,30.0,0,15.4,15.5,26,26,52,374400,0,0.0,0.0,4542255,0,170992,15387468,1
R,quad_screen,GPU,2.1,160.7,337.7,0,16.2,16.2,312,312,624,0,0,1.0,14.1,2251293,1581874,40804,16220716,1
R,quad_texscreen,ARM,0.2,2.0,6.4,0,11.8,11.9,4,4,8,53880,0,0.0,0.0,5984055,0,128399,11802982,1
R,quad_texscreen,GPU,2.1,102.2,215.5,0,14.6,14.6,176,176,352,0,0,1.0,12.7,1950957,1419544,34293,14584738,1
R,texswap,ARM,0.2,89.8,1314.3,0,16.6,16.6,176,176,352,128109,0,0.0,0.0,6970845,0,183244,16597392,3
R,texswap,GPU,2.1,1482.6,3918.4,0,14.2,14.3,2330,2046,4092,0,0,1.0,5.3,4450289,596564,166374,14225014,1
R,split,ARM,0.2,14.1,30.3,0,15.5,15.5,4992,1950,2912,188870,0,0.0,0.0,6435809,0,170583,15478200,1
R,split,GPU,2.1,5.5,10.7,0,15.0,15.1,1920,748,1120,0,0,5.0,11.1,2182470,952228,163856,15011418,1
R,split,GPU+Q,4.1,5.5,10.7,0,15.0,15.1,1920,748,1120,0,0,5.0,11.0,2147823,915294,163878,15011138,1
R,split,GPU+2D,4.8,48.5,104.3,0,13.5,13.8,14592,5669,8512,0,0,1.0,3.0,5532024,251670,201150,13490956,1
R,match,ARM,0.2,-1,1.4,0,30.9,30.9,6272,3442,3542,142521,0,0.0,0.0,13667046,0,268773,30884612,0
R,match,GPU,2.1,-1,5.2,0,17.2,17.3,6272,3443,3542,0,0,2.0,2.3,5797573,247999,230702,17245454,1
R,match,GPU+AA,2.1,-1,5.0,0,17.9,17.0,6272,3443,3542,0,0,2.0,2.9,5921814,315674,234975,17916952,1
R,match,GPU+Q,4.1,-1,5.3,0,17.1,17.2,6272,3443,3542,0,0,1.0,2.7,5784919,293047,204651,17136104,1
R,match,GPU+WC,4.5,-1,5.2,0,17.3,17.3,6272,3443,3542,0,0,2.0,2.3,5796785,251396,56399,17243956,1
R,match,GPU+2D,4.8,-1,5.2,0,17.3,17.3,6272,3443,3542,0,0,2.0,2.4,5777207,242703,230434,17288998,1
R,match,GPU+T16,5.2,-1,5.3,0,17.2,17.2,6272,3443,3542,0,0,2.0,2.2,5779973,232542,230544,17160500,1
R,match,GPU+FS2,5.3,-1,5.2,0,17.2,17.3,6272,3443,3542,0,0,2.0,2.3,5788309,242919,230103,17218400,1
R,queue,GPU,2.1,87.4,258.0,0,14.5,14.6,6336,2540,3696,0,0,1.0,1.0,8357171,114673,114949,14529487,2
R,queue,GPU+Q,4.1,102.9,297.1,0,15.4,15.4,8448,3443,4928,0,0,1.0,6.6,9194380,60,146600,15421259,2
R,big,ARM,0.2,-1,-1,0,80.6,80.8,24192,18488,12337,158503,0,0.0,0.0,31035350,0,794773,80590640,0
R,big,GPU,2.1,-1,-1,0,58.3,58.3,24192,18487,12337,0,0,1.0,6.5,20677828,736852,1013923,58245424,0
R,big,GPU+Q,4.1,-1,-1,0,58.3,58.3,24192,18487,12337,0,0,1.0,6.5,20678052,732693,1014158,58263584,0
R,big_logic,ARM,0.2,-1,-1,0,87.1,87.3,24192,18488,12337,158503,0,0.0,0.0,36253632,0,789715,87122280,0
R,big_logic,GPU,2.1,-1,-1,0,64.8,64.9,24192,18487,12337,0,0,1.0,6.5,25893390,734128,1014772,64807068,0
R,big_logic,GPU+Q,4.1,-1,-1,0,58.3,58.3,24192,18487,12337,0,0,1.0,6.6,25161804,308,1014411,58298664,0
R,gpu2d,ARM,0.2,1651.4,3897.4,0,15.9,15.0,576,226,336,43826,0,0.0,0.0,9100952,0,167014,15915276,1
R,gpu2d,GPU,2.1,1949.8,4187.5,0,13.7,13.7,576,226,336,0,0,1.0,0.3,8244581,35630,73777,13697654,1
R,gpu2d,GPU+2D,4.8,2127.0,4573.0,0,16.3,17.2,576,226,336,0,0,1.0,9.4,4995481,1025640,429457,16280154,1
R,bilinear,GPU,2.1,109.5,231.0,0,13.7,13.7,176,176,352,0,0,1.0,11.8,1852661,1324240,34878,13715216,1
total 124 s
