bm report
kind: bench3d
kernel: v0.2.3-51-g4833e08
branch: bm3d-driver
board: Pi Zero W
date: 2026-10-06 10:38:02
file: 20261006-103802_bench3d_pi-zero-w_v0.2.3-51-g4833e08.txt

bm 3D Bench
kernel v0.2.3-51-g4833e08
drivers bm3d 6.5 (M41)
date 2026-10-06 10:34 UTC
machine ARM 1000 MHz, core 250 (max 400), V3D 250 (max 300, measured 300), SDRAM 400 MHz, 46.5 C, throttled 00000
gpu bm3d 6.5 ready (byte a = red, texels in place, textures in tiles, MSAA on any page, 16-bit textures yes, two-thread shaders yes, vertex shader yes (clipper always on), indexed yes, clipping yes, lit models yes, queue yes, zclear in job yes)
probes before the vertex shader probe: ERRSTAT 00003000 DBGE 00000000 FDBGO 00000006 FDBGB 00000018 FDBGR 00000000 FDBGS 00003147; after a vertex shader draw that left nothing: ERRSTAT 00003010 DBGE 00000000 FDBGO 00000006 FDBGB 00000018 FDBGR 00000000 FDBGS 00002447; vertex shader probe (VPM in bytes): 0000 0000 0000 0000 (clockwise bit 0); vertex shader probe (VPM in words): 0000 0000 0000 0000 (clockwise bit 0); vertex shader probe: drawn (VPM in bytes, clipper on, clockwise bit 0)
counters ARM1176 PMU
previous bm/bench/3D0011.TXT
columns R,test,profile,version,n60,n30,over,ms,worst,tris_in,tris,verts,pixels,gltris,jobs,gpu_ms,instr,wait_instr,dmiss,cycles,secs,tris60,drawn60,core_mhz,gpu_mhz
R,spheres,ARM,0.2,71.8,203.0,0,15.8,15.8,6336,2540,3696,137295,0,0.0,0.0,6435001,0,183519,15762771,2,6889,2777,399,300
R,spheres,GPU,2.1,205.4,431.3,0,13.1,13.1,14976,6103,8736,0,0,1.0,2.2,5778301,243663,202667,13068024,1,19715,8053,400,300
R,spheres,GPU+AA,2.1,202.0,427.5,0,13.2,13.3,14976,6103,8736,0,0,1.0,2.3,5816091,258305,204105,13231894,1,19485,7958,400,300
R,spheres,GPU+VS,3.4,832.8,1691.0,0,13.7,13.7,62976,62976,0,0,62976,2.0,7.8,3009354,872525,187459,13656474,1,79945,79945,400,300
R,spheres,GPU+WC,4.5,205.6,431.6,0,13.1,13.1,14976,6103,8736,0,0,1.0,2.2,5779008,244399,48368,13062546,1,19735,8061,400,300
R,spheres,GPU+VS+S,5.4,730.4,1520.9,0,15.2,15.2,62976,62976,0,0,62976,2.0,7.8,3722636,871477,236784,15195092,1,70117,70117,400,300
R,spheres_smooth,ARM,0.2,21.8,102.5,0,13.5,13.8,1632,640,952,131040,0,0.0,0.0,6695461,0,146864,13530406,2,2096,818,400,300
R,spheres_smooth,GPU,2.1,158.8,334.3,0,16.4,16.4,14976,6103,8736,0,0,1.0,2.2,7096067,243589,206357,16394928,1,15249,6216,400,300
R,spheres_smooth,GPU+VS,3.4,1031.9,1976.6,0,14.7,14.7,83904,83904,0,0,83904,2.0,7.4,3570755,827821,233188,14670066,1,99059,99059,400,300
R,spheres_tex,ARM,0.2,6.3,53.4,0,15.9,15.0,576,213,336,119532,0,0.0,0.0,7858107,0,144251,15851478,2,608,225,400,300
R,spheres_tex,GPU,2.1,159.7,337.3,0,16.3,16.4,14976,6103,8736,0,0,1.0,2.2,6877277,248936,200819,16330855,1,15328,6248,400,300
R,spheres_tex,GPU+T16,5.2,160.8,337.9,0,16.2,16.3,14976,6103,8736,0,0,1.0,2.2,6865191,247399,201725,16222174,1,15438,6293,400,300
R,spheres_tex,GPU+FS2,5.3,160.5,337.8,0,16.2,16.3,14976,6103,8736,0,0,1.0,2.2,6866907,244881,202006,16237871,1,15413,6283,400,300
R,spheres_unlit,ARM,0.2,77.6,223.8,0,14.0,15.0,6336,2540,3696,137295,0,0.0,0.0,6110756,0,183889,14973915,2,7450,3017,400,300
R,spheres_unlit,GPU,2.1,240.4,504.8,0,14.6,14.7,19968,8156,11648,0,0,1.0,2.8,6554458,311311,270071,14627395,1,23076,9443,400,300
R,spheres_unlit,GPU+VS1,3.0,1333.2,2761.7,0,14.0,15.1,111840,111840,0,0,111840,2.0,7.2,3809284,804398,259831,15002255,1,127988,127988,400,300
R,spheres_unlit,GPU+VS,3.4,1333.1,2761.6,0,14.0,15.0,111840,111840,0,0,111840,2.0,7.2,3810538,805652,260349,15000740,1,127974,127974,400,300
R,spheres_baked,ARM,0.2,25.8,111.9,0,16.3,16.5,2112,824,1232,169127,0,0.0,0.0,8362707,0,145177,16273242,2,2479,981,400,300
R,spheres_baked,GPU,2.1,194.4,407.9,0,13.7,13.8,14976,6103,8736,0,0,1.0,2.2,6154845,242409,173203,13711568,1,18662,7619,400,300
R,spheres_baked,GPU+VS1,3.0,1076.4,2146.2,0,13.0,13.0,83904,83904,0,0,83904,1.0,6.9,3079656,777837,180653,13005227,1,103338,103338,400,300
R,spheres_baked,GPU+VS,3.4,1077.0,2145.6,0,12.0,13.0,83904,83904,0,0,83904,1.0,6.9,3078916,781317,181338,12997210,1,103395,103395,400,300
R,spheres_shine,ARM,0.2,20.5,85.0,0,14.2,14.5,1632,640,952,131040,0,0.0,0.0,6899668,0,147749,14230867,2,1970,770,400,300
R,spheres_shine,GPU,2.1,112.7,236.3,0,13.5,13.5,8448,3443,4928,0,0,1.0,1.3,5228533,146152,126054,13458730,1,10822,4396,400,300
R,spheres_shine,GPU+VS,3.4,988.1,1914.8,0,15.2,15.2,83904,83904,0,0,83904,2.0,7.4,3835006,826168,204532,15150202,1,94857,94857,400,300
R,heroes,ARM,0.2,3.9,8.4,0,12.7,12.7,4608,1885,2688,21260,0,0.0,0.0,4530458,0,187827,12674839,1,6010,2461,400,300
R,heroes,GPU,2.1,6.1,13.1,0,16.4,16.4,9216,3767,5376,0,0,1.0,1.2,5721138,132538,203811,16354019,1,9412,3848,400,300
R,heroes,GPU+VS,3.4,67.5,124.8,0,16.2,16.2,101376,101376,0,0,101376,2.0,10.2,3517173,1146346,233291,16179183,1,103749,103749,400,300
R,heroes,GPU+WC,4.5,6.1,13.2,0,16.4,16.4,9216,3767,5376,0,0,1.0,1.2,5720030,131429,99404,16349794,1,9417,3850,400,300
R,heroes,GPU+VS+S,5.4,62.9,117.5,0,14.0,14.1,76800,76800,0,0,76800,2.0,7.4,3504600,831994,257555,14004114,1,96597,96597,400,300
R,heroes_tex,ARM,0.2,3.4,6.6,0,14.2,14.3,4608,1885,2688,19668,0,0.0,0.0,5467545,0,196689,14191432,1,5261,2154,400,300
R,heroes_tex,GPU,2.1,6.5,13.0,0,15.5,15.6,9216,3767,5376,0,0,1.0,1.2,5173695,134029,225590,15516323,1,10010,4093,400,300
R,heroes_tex,GPU+VS,3.4,73.7,141.1,0,14.5,14.5,101376,101376,0,0,101376,2.0,8.5,3348109,953553,232842,14488180,1,113183,113183,400,300
R,heroes_tex,GPU+T16,5.2,6.5,13.0,0,15.5,15.5,9216,3767,5376,0,0,1.0,1.2,5174980,131066,225974,15500400,1,10019,4097,400,300
R,heroes_tex,GPU+FS2,5.3,6.5,13.0,0,15.5,15.6,9216,3767,5376,0,0,1.0,1.2,5177161,133167,225917,15503728,1,10024,4099,400,300
R,heroes_skin,ARM,0.2,3.4,6.5,0,14.5,14.5,4608,1906,2688,21083,0,0.0,0.0,5606498,0,197234,14437503,1,5192,2148,400,300
R,heroes_skin,GPU,2.1,6.5,13.0,0,15.6,15.6,9216,3805,5376,0,0,1.0,1.2,5220811,137242,227273,15559019,1,9985,4125,400,300
R,heroes_skin,GPU+VS,3.4,42.4,89.7,0,15.7,15.7,58368,58368,0,0,58368,3.0,8.9,3443844,990490,306335,15657622,1,65127,65127,400,300
R,heroes_skin,GPU+FS2,5.3,6.5,13.0,0,15.6,15.6,9216,3805,5376,0,0,1.0,1.2,5219205,135656,227244,15568470,1,9976,4121,400,300
R,heroes_shadow,ARM,0.2,-1,2.5,0,24.5,24.5,3584,1835,1246,145478,0,0.0,0.0,11211430,0,227412,24469972,0,2442,1251,400,300
R,heroes_shadow,GPU,2.1,3.3,7.8,0,15.5,15.5,9728,4600,3038,0,0,1.0,1.0,5172327,216164,224923,15461696,1,10701,5040,400,300
R,heroes_shadow,GPU+VS,3.4,36.5,75.7,0,14.2,14.2,89600,89536,0,0,89536,2.0,9.4,2857039,1057407,194220,14169080,1,112497,112433,400,300
R,clip,ARM,0.2,17.8,599.8,0,16.2,16.3,672,184,225,120893,0,0.0,0.0,8038904,0,152071,16227555,3,701,194,400,300
R,clip,GPU,2.1,796.4,1830.4,0,14.4,14.5,26240,4141,4895,0,0,1.0,1.0,5484208,222275,228705,14354418,2,31847,4973,400,300
R,clip,GPU+VS1,3.0,3680.0,3680.0,1,13.5,13.5,147200,33280,0,0,33280,2.0,4.4,4360474,496119,246529,13459550,1,147200,33280,400,300
R,clip,GPU+VS,3.4,3680.0,3680.0,1,13.5,13.5,147200,33280,0,0,33280,2.0,4.4,4364300,495659,246780,13467675,1,147200,33280,400,300
R,tiny,ARM,0.2,14.4,31.1,0,15.2,15.2,6656,6656,3757,4012,0,0.0,0.0,5935251,0,190526,15156274,1,7353,7353,400,300
R,tiny,GPU,2.1,19.4,41.2,0,14.8,14.9,8704,8704,4913,0,0,1.0,2.6,6385275,291207,303498,14847018,1,9951,9951,400,300
R,tiny,GPU+VS,3.4,188.5,401.7,0,14.1,14.2,79872,78848,0,0,78848,1.0,11.7,1987805,1319008,58277,14046243,1,96517,94853,400,300
R,draws,ARM,0.2,468.2,1482.2,0,14.8,14.0,4428,2066,2792,143489,0,0.0,0.0,5666292,0,168027,14797307,2,5619,2640,400,300
R,draws,GPU,2.1,1231.4,2709.0,0,15.9,15.9,13980,6083,8184,0,0,1.0,2.1,6835645,226646,225298,15858535,1,14776,6439,400,300
R,draws,GPU+VS,3.4,1472.9,3129.4,0,12.3,12.3,13980,12276,0,0,12276,2.0,3.8,3651650,428409,257282,12251994,1,17675,15562,400,300
R,draws,GPU+WC,4.5,1235.2,2703.5,0,15.8,15.9,13980,6083,8184,0,0,1.0,2.1,6827480,229130,69707,15811224,1,14822,6459,400,300
R,quad_flat,ARM,0.2,11.7,24.8,0,14.7,14.7,20,20,40,576000,0,0.0,0.0,6426517,0,158237,14645488,1,23,23,400,300
R,quad_flat,GPU,2.1,175.3,368.7,0,15.0,15.0,312,312,624,0,0,1.0,12.8,2118979,1442257,40810,15001511,1,351,351,400,300
R,quad_flat,GPU+AA,2.1,172.2,362.6,0,15.2,15.3,312,312,624,0,0,1.0,13.0,2164457,1470949,42407,15253496,1,344,344,400,300
R,quad_flat,GPU+VS,3.4,165.2,346.8,0,15.8,15.9,312,312,0,0,312,1.0,13.7,2178738,1538448,59117,15837763,1,330,330,400,300
R,quad_smooth,ARM,0.2,6.2,13.4,0,16.1,16.1,12,12,24,345600,0,0.0,0.0,9247080,0,142050,16091608,1,12,12,400,300
R,quad_smooth,GPU,2.1,171.1,360.3,0,15.3,15.4,312,312,624,0,0,1.0,12.8,2202778,1439268,43227,15330678,1,342,342,400,300
R,quad_smooth,GPU+VS,3.4,164.8,346.7,0,15.9,15.9,312,312,0,0,312,1.0,13.7,2184575,1535256,59290,15864135,1,330,330,400,300
R,quad_tex,ARM,0.2,3.4,7.4,0,14.9,14.9,6,6,12,172800,0,0.0,0.0,7425083,0,135483,14845080,1,7,7,400,300
R,quad_tex,GPU,2.1,111.2,234.6,0,13.5,13.6,176,176,352,0,0,1.0,11.6,1836874,1307920,34200,13541396,1,222,222,400,300
R,quad_tex,GPU+WC,4.5,111.2,234.6,0,13.5,13.6,176,176,352,0,0,1.0,11.6,1838541,1307411,5406,13543643,1,222,222,400,300
R,quad_tex,GPU+T16,5.2,112.1,236.1,0,13.4,13.5,176,176,352,0,0,1.0,11.5,1824570,1295583,34190,13424883,1,224,224,400,300
R,quad_tex,GPU+FS2,5.3,147.0,312.7,0,13.5,13.5,234,234,468,0,0,1.0,11.4,1899064,1284389,36351,13512191,1,296,296,400,300
R,quad_alpha,ARM,0.2,3.5,7.5,0,14.5,14.5,6,6,12,161520,0,0.0,0.0,7196275,0,135313,14508259,1,7,7,400,300
R,quad_alpha,GPU,2.1,104.0,221.6,0,14.2,14.3,176,176,352,0,0,1.0,12.3,1917472,1385143,34303,14245131,1,210,210,400,300
R,quad_alpha,GPU+FS2,5.3,136.8,288.8,0,14.5,14.5,234,234,468,0,0,1.0,12.4,2012601,1396250,36572,14492563,1,274,274,400,300
R,quad_screen,ARM,0.2,14.2,30.0,0,15.4,15.4,26,26,52,374400,0,0.0,0.0,4542334,0,170992,15398728,1,28,28,400,300
R,quad_screen,GPU,2.1,160.2,337.1,0,16.3,16.3,312,312,624,0,0,1.0,14.1,2262456,1581547,41023,16267164,1,320,320,400,300
R,quad_texscreen,ARM,0.2,2.0,6.4,0,11.8,11.9,4,4,8,53880,0,0.0,0.0,5986196,0,128834,11816399,1,6,6,400,300
R,quad_texscreen,GPU,2.1,102.1,215.6,0,14.6,14.6,176,176,352,0,0,1.0,12.7,1960058,1425969,34485,14599943,1,204,204,400,300
R,quad_texscreen,GPU+FS2,5.3,122.3,258.2,0,16.0,16.0,234,234,468,0,0,1.0,13.9,2183759,1558811,36938,16009679,1,245,245,400,300
R,texswap,ARM,0.2,87.8,1262.7,0,15.1,15.1,132,132,264,118478,0,0.0,0.0,6322124,0,173502,15093668,4,176,176,400,300
R,texswap,GPU,2.1,1442.4,3847.3,0,14.4,14.5,2330,2046,4092,0,0,1.0,5.3,4453037,597577,163319,14415835,2,2885,2539,399,300
R,split,ARM,0.2,14.0,30.2,0,15.6,15.6,4992,1950,2912,188870,0,0.0,0.0,6440081,0,169229,15567634,1,5390,2104,400,300
R,split,GPU,2.1,5.5,10.7,0,14.0,15.0,1920,748,1120,0,0,5.0,10.0,2438733,1210322,163302,14951795,1,2124,829,400,300
R,split,GPU+VS,3.4,5.9,11.5,0,13.9,13.9,1920,1920,0,0,1920,5.0,11.1,1842990,1218274,142810,13844150,1,2283,2283,400,300
R,split,GPU+VS+Q,4.1,5.0,11.6,0,13.8,13.9,1920,1920,0,0,1920,5.0,11.0,1840886,1214018,142984,13812248,1,2289,2289,400,300
R,split,GPU+Q,4.1,5.5,10.7,0,14.0,15.0,1920,748,1120,0,0,5.0,10.0,2443004,1210397,163299,14969628,1,2126,830,400,300
R,split,GPU+2D,4.8,48.5,104.2,0,13.5,13.7,14592,5669,8512,0,0,1.0,2.9,5606951,325529,196499,13472830,1,18625,7250,400,300
R,split,GPU+VS+Q2,5.1,6.0,11.7,0,16.5,16.6,2304,2304,0,0,2304,6.0,13.4,2185668,1473856,171824,16531411,1,2322,2322,400,300
R,match,ARM,0.2,-1,1.4,0,30.9,30.9,7808,4198,3542,142521,0,0.0,0.0,13668628,0,268077,30867220,0,4215,2267,400,300
R,match,GPU,2.1,-1,5.2,0,17.3,17.4,7808,4199,3542,0,0,2.0,2.3,5809190,253887,228255,17305706,1,7523,4046,400,300
R,match,GPU+AA,2.1,-1,4.0,0,17.0,18.0,7808,4199,3542,0,0,2.0,2.9,5932779,320793,232500,17956550,1,7249,3898,400,300
R,match,GPU+VS1,3.0,2.7,7.0,0,14.1,14.2,10880,5620,2688,0,2240,2.0,2.7,4322284,302575,211712,14088128,1,12975,6566,400,300
R,match,GPU+VS,3.4,30.7,71.8,0,16.1,16.1,93824,92864,0,0,92864,3.0,10.7,3238161,1200182,231204,16114182,1,99110,98150,400,300
R,match,GPU+Q,4.1,-1,5.2,0,17.7,17.8,7808,4199,3542,0,0,1.0,3.2,5852893,359443,202397,17730852,1,7335,3945,400,300
R,match,GPU+WC,4.5,-1,5.2,0,17.3,17.4,7808,4199,3542,0,0,2.0,2.3,5806573,255484,54312,17290126,1,7529,4049,400,300
R,match,GPU+2D,4.8,-1,5.1,0,17.4,17.7,7808,4199,3542,0,0,2.0,2.5,5816761,274311,228811,17457466,1,7468,4016,400,300
R,match,GPU+T16,5.2,-1,5.2,0,17.5,17.5,7808,4199,3542,0,0,2.0,2.5,5823846,274901,227867,17447914,1,7456,4010,400,300
R,match,GPU+FS2,5.3,-1,5.2,0,17.3,17.4,7808,4199,3542,0,0,2.0,2.3,5806183,252900,227983,17279880,1,7524,4047,400,300
R,match,GPU+VS+S,5.4,31.5,73.1,0,15.9,15.9,93824,92864,0,0,92864,3.0,9.7,3537528,1090770,255806,15862548,2,101566,100606,400,300
R,mix,ARM,0.2,1.2,3.5,0,15.3,15.5,4720,2083,1879,52531,0,0.0,0.0,6170594,0,212907,15277939,1,5288,2344,400,300
R,mix,GPU,2.1,2.8,6.8,0,13.7,13.7,7840,3518,2816,0,0,2.0,1.9,4166528,213092,216424,13617726,1,10182,4595,400,300
R,mix,GPU+AA,2.1,2.7,6.7,0,13.9,13.0,7840,3518,2816,0,0,2.0,2.2,4248545,240582,220757,13903363,1,9948,4487,400,300
R,mix,GPU+VS,3.4,24.8,50.9,0,15.5,15.5,70240,70238,0,0,70238,3.0,9.7,3164393,1087319,244999,15438008,1,79071,79069,400,300
R,mix,GPU+T16,5.2,2.8,6.9,0,13.6,13.6,7840,3518,2816,0,0,2.0,1.8,4158058,202484,216415,13539898,1,10238,4621,400,300
R,mix,GPU+FS2,5.3,2.8,6.8,0,13.6,13.6,7840,3518,2816,0,0,2.0,1.9,4160986,207388,216374,13571175,1,10205,4606,400,300
R,queue,GPU,2.1,88.0,260.4,0,16.7,16.7,8448,3443,4928,0,0,1.0,1.3,9344509,145416,132341,16671950,2,8449,3444,400,300
R,queue,GPU+VS,3.4,587.7,1608.5,0,14.5,14.6,47232,47232,0,0,47232,1.0,3.5,7224037,396938,120860,14531262,2,56417,56417,400,300
R,queue,GPU+VS+Q,4.1,653.3,1792.1,0,11.0,11.1,47232,47232,0,0,47232,1.0,6.6,6827278,60,127326,11042833,2,62720,62720,400,300
R,queue,GPU+Q,4.1,104.3,302.7,0,15.3,15.3,8448,3443,4928,0,0,1.0,6.6,9199233,60,133465,15321818,2,10012,4071,400,300
R,queue,GPU+VS+Q2,5.1,652.9,1791.9,0,11.1,11.1,47232,47232,0,0,47232,1.0,6.6,6827244,60,127185,11051904,2,62676,62676,400,300
R,big,ARM,0.2,-1,-1,0,81.1,81.2,24192,18488,12337,158503,0,0.0,0.0,31035420,0,810162,81047320,0,4974,3801,400,300
R,big,GPU,2.1,-1,-1,0,58.6,58.7,24192,18487,12337,0,0,1.0,6.5,20693976,732303,1016142,58613068,0,6879,5257,400,300
R,big,GPU+VS1,3.0,-1,2.3,0,17.0,17.1,24192,18487,5112,0,14112,1.0,4.8,5021996,536505,209374,17014548,0,23699,18111,400,300
R,big,GPU+VS,3.4,9.3,23.1,0,15.0,15.0,94752,94752,0,0,94752,1.0,13.6,1818326,1526745,29526,15016120,1,108134,108134,400,300
R,big,GPU+VS+Q,4.1,9.3,23.1,0,15.0,15.1,94752,94752,0,0,94752,1.0,13.6,1815031,1523332,29368,15017572,1,108189,108189,400,300
R,big,GPU+Q,4.1,-1,-1,0,58.5,58.5,24192,18487,12337,0,0,1.0,6.5,20693908,732216,1010846,58469836,0,6896,5270,400,300
R,big,GPU+VS+S,5.4,13.6,31.9,0,16.1,16.1,145152,145152,0,0,145152,1.0,14.5,1949184,1628812,32045,16052686,2,151673,151673,400,300
R,big_logic,ARM,0.2,-1,-1,0,87.5,87.7,24192,18488,12337,158503,0,0.0,0.0,36253548,0,807227,87499312,0,4608,3521,400,300
R,big_logic,GPU,2.1,-1,-1,0,64.0,65.1,24192,18487,12337,0,0,1.0,6.5,25907150,733489,1011489,64974620,0,6205,4742,400,300
R,big_logic,GPU+VS1,3.0,-1,1.8,0,23.4,23.5,24192,18487,5112,0,14112,1.0,4.8,10241352,535535,205229,23410108,0,17219,13159,400,300
R,big_logic,GPU+VS,3.4,4.1,17.5,0,16.5,16.5,54432,54432,0,0,54432,1.0,8.5,6453417,960376,28912,16484514,2,55805,55805,400,300
R,big_logic,GPU+VS+Q,4.1,9.3,23.1,0,15.0,15.0,94752,94752,0,0,94752,1.0,13.6,6298142,788131,29562,15013271,1,108214,108214,400,300
R,big_logic,GPU+Q,4.1,-1,-1,0,58.8,58.9,24192,18487,12337,0,0,1.0,6.6,25175900,142,1015814,58818300,0,6855,5239,400,300
R,big_logic,GPU+VS+S,5.4,6.4,24.6,0,16.3,16.3,74592,74592,0,0,74592,1.0,8.3,6441657,934518,30045,16302274,2,78905,78905,400,300
R,gpu2d,ARM,0.2,1633.7,3859.5,0,16.1,16.1,576,226,336,43826,0,0.0,0.0,9116558,0,166421,16045255,2,576,227,400,300
R,gpu2d,GPU,2.1,1931.7,4148.6,0,13.8,13.8,576,226,336,0,0,1.0,0.3,8257526,34137,74302,13806120,2,576,227,400,300
R,gpu2d,GPU+2D,4.8,2129.5,4565.4,0,16.3,17.1,576,226,336,0,0,1.0,9.3,5026025,1048108,429023,16249304,1,576,227,400,300
R,bilinear,GPU,2.1,109.5,231.1,0,13.7,13.8,176,176,352,0,0,1.0,11.8,1855775,1326788,34575,13722723,1,219,219,400,300
score 986 (bm3d 6.5 as the games get it, 24 of 24 tests), GPU bm3d 2.1 956, ARM bm3d 0.2 171; 1000: bm3d 2.1 at its best on the Pi Zero W
columns S,driver,version,score,tests,full
S,games,6.5,986,24,1
S,GPU,2.1,956,24,1
S,ARM,0.2,171,24,1
triangles at 60 fps 10205 in the mix (4606 drawn), the most 31847 (clip)
total 201 s
