bm report
kind: bench3d
kernel: v0.2.3-79-g4ef165d
branch: bm3d-driver
board: Pi Zero W
date: 2026-10-06 12:31:57
file: 20261006-123157_bench3d_pi-zero-w_v0.2.3-79-g4ef165d.txt

bm 3D Bench
kernel v0.2.3-79-g4ef165d
drivers bm3d 6.7 (M36)
date 2026-10-06 12:27 UTC
machine ARM 1000 MHz, core 250 (max 400), V3D 250 (max 300, measured 300), SDRAM 400 MHz, 43.8 C, throttled 00000
gpu bm3d 6.7 ready (byte a = red, texels in place, textures in tiles, MSAA on any page, 16-bit textures yes, two-thread shaders yes, vertex shader yes (clipper always on), indexed yes, clipping yes, lit models yes, queue yes, zclear in job yes)
probes before the vertex shader probe: ERRSTAT 00001000 DBGE 00000000 FDBGO 00000004 FDBGB 00000018 FDBGR 00000000 FDBGS 00003147; after a vertex shader draw that left nothing: ERRSTAT 00001010 DBGE 00000000 FDBGO 00000004 FDBGB 00000018 FDBGR 00000000 FDBGS 00002447; vertex shader probe (VPM in bytes): 0000 0000 0000 0000 (clockwise bit 0); vertex shader probe (VPM in words): 0000 0000 0000 0000 (clockwise bit 0); vertex shader probe: drawn (VPM in bytes, clipper on, clockwise bit 0)
counters ARM1176 PMU
previous bm/bench/3D0013.TXT
columns R,test,profile,version,n60,n30,over,ms,worst,tris_in,tris,verts,pixels,gltris,jobs,gpu_ms,instr,wait_instr,dmiss,cycles,secs,tris60,drawn60,core_mhz,gpu_mhz
R,spheres,ARM,0.2,71.7,203.8,0,15.8,15.8,6336,2540,3696,137295,0,0.0,0.0,6460777,0,188565,15779610,2,6885,2775,400,300
R,spheres,GPU,2.1,208.2,437.2,0,16.7,16.7,19968,8156,11648,0,0,1.0,2.8,7639240,313657,263523,16654891,1,19983,8163,400,300
R,spheres,GPU+AA,2.1,205.5,432.2,0,13.1,13.1,14976,6103,8736,0,0,1.0,2.3,5833644,258871,209327,13091947,1,19726,8057,400,300
R,spheres,GPU+VS,3.4,864.5,1743.4,0,13.3,13.3,62976,62976,0,0,62976,2.0,7.7,3028916,875930,187159,13266236,1,82993,82993,400,300
R,spheres,GPU+WC,4.5,208.6,437.7,0,16.6,16.7,19968,8156,11648,0,0,1.0,2.8,7643320,314269,67569,16638794,1,20029,8182,400,300
R,spheres,GPU+VS+S,5.4,755.0,1562.3,0,14.8,14.8,62976,62976,0,0,62976,2.0,7.7,3751418,877244,236047,14762242,1,72574,72574,400,300
R,spheres,GPU+VS+FS2,6.6,862.3,1740.5,0,13.3,13.3,62976,62976,0,0,62976,2.0,7.7,3042376,875417,184648,13297888,1,82778,82778,400,300
R,spheres_smooth,ARM,0.2,21.7,102.1,0,13.5,13.8,1632,640,952,131040,0,0.0,0.0,6718142,0,149952,13562744,2,2087,815,400,300
R,spheres_smooth,GPU,2.1,161.4,339.8,0,16.2,16.2,14976,6103,8736,0,0,1.0,2.2,7125725,244995,235378,16170011,1,15498,6318,399,300
R,spheres_smooth,GPU+VS,3.4,1078.2,2036.6,0,14.2,14.2,83904,83904,0,0,83904,2.0,7.3,3597541,835716,223508,14185772,1,103511,103511,400,300
R,spheres_smooth,GPU+VS+FS2,6.6,1076.8,2032.8,0,14.2,14.2,83904,83904,0,0,83904,2.0,7.3,3615707,836420,226028,14212590,1,103373,103373,400,300
R,spheres_tex,ARM,0.2,6.3,53.3,0,15.9,15.0,576,213,336,119532,0,0.0,0.0,7883649,0,147505,15839924,2,609,225,400,300
R,spheres_tex,GPU,2.1,164.8,346.7,0,15.9,15.9,14976,6103,8736,0,0,1.0,2.2,6810331,241933,195337,15871372,1,15822,6451,400,300
R,spheres_tex,GPU+T16,5.2,164.8,346.7,0,15.9,15.9,14976,6103,8736,0,0,1.0,2.2,6809052,240626,196604,15877355,1,15817,6450,400,300
R,spheres_tex,GPU+FS2,5.3,164.8,346.3,0,15.9,15.9,14976,6103,8736,0,0,1.0,2.2,6802614,255174,196908,15868116,1,15819,6450,400,300
R,spheres_tex,GPU+VS+FS2,6.6,880.4,1787.2,0,16.6,16.6,83904,83904,0,0,83904,2.0,9.6,3898778,1097516,228830,16566867,1,84520,84520,400,300
R,spheres_unlit,ARM,0.2,77.5,225.2,0,15.0,15.1,6336,2540,3696,137295,0,0.0,0.0,6137041,0,186508,15012082,2,7438,3012,400,300
R,spheres_unlit,GPU,2.1,247.3,520.5,0,14.3,14.3,19968,8156,11648,0,0,1.0,2.8,6575449,313990,260377,14262479,1,23742,9719,400,300
R,spheres_unlit,GPU+VS1,3.0,1374.2,2827.5,0,14.6,14.7,111840,111840,0,0,111840,2.0,7.2,3848075,816321,255669,14638119,1,131924,131924,400,300
R,spheres_unlit,GPU+VS,3.4,1373.4,2824.3,0,14.7,14.7,111840,111840,0,0,111840,2.0,7.2,3849617,814290,254863,14668568,1,131842,131842,400,300
R,spheres_unlit,GPU+VS+FS2,6.6,1372.3,2822.3,0,14.7,14.7,111840,111840,0,0,111840,2.0,7.2,3866534,816213,254935,14672594,1,131739,131739,400,300
R,spheres_baked,ARM,0.2,25.4,112.3,0,16.3,16.5,2112,824,1232,169127,0,0.0,0.0,8388283,0,150954,16310967,2,2439,964,400,300
R,spheres_baked,GPU,2.1,197.3,413.8,0,13.5,13.6,14976,6103,8736,0,0,1.0,2.2,6177745,246997,203110,13538363,1,18942,7735,400,300
R,spheres_baked,GPU+VS1,3.0,1106.2,2230.4,0,12.6,12.6,83904,83904,0,0,83904,1.0,6.9,3104149,785007,172304,12576234,2,106193,106193,400,300
R,spheres_baked,GPU+VS,3.4,1105.3,2226.5,0,12.6,12.6,83904,83904,0,0,83904,1.0,6.9,3105029,785932,176072,12590915,2,106110,106110,400,300
R,spheres_baked,GPU+VS+FS2,6.6,1104.1,2222.1,0,12.6,12.6,83904,83904,0,0,83904,1.0,6.8,3117710,784628,173383,12588174,2,105993,105993,400,300
R,spheres_shine,ARM,0.2,20.4,86.1,0,14.3,14.5,1632,640,952,131040,0,0.0,0.0,6924565,0,151269,14266399,2,1960,766,400,300
R,spheres_shine,GPU,2.1,114.7,240.7,0,13.3,13.3,8448,3443,4928,0,0,1.0,1.3,5250097,144296,122224,13266919,1,11008,4470,400,300
R,spheres_shine,GPU+VS,3.4,1033.3,1976.5,0,14.6,14.7,83904,83904,0,0,83904,2.0,7.3,3867317,834858,208099,14642788,1,99196,99196,400,300
R,spheres_shine,GPU+VS+FS2,6.6,1032.2,1976.8,0,14.7,14.7,83904,83904,0,0,83904,2.0,7.3,3880211,837313,208095,14646959,1,99088,99088,400,300
R,heroes,ARM,0.2,3.9,8.4,0,12.7,12.8,4608,1885,2688,21260,0,0.0,0.0,4548398,0,185731,12730247,1,5983,2450,400,300
R,heroes,GPU,2.1,6.1,13.1,0,16.4,16.4,9216,3767,5376,0,0,1.0,1.2,5743383,134372,217439,16377015,1,9405,3845,400,300
R,heroes,GPU+VS,3.4,69.4,128.8,0,15.6,15.7,101376,101376,0,0,101376,2.0,9.7,3476986,1099225,239971,15639134,1,106532,106532,400,300
R,heroes,GPU+WC,4.5,6.1,13.1,0,16.4,16.4,9216,3767,5376,0,0,1.0,1.2,5739699,134195,112962,16369462,1,9403,3844,400,300
R,heroes,GPU+VS+S,5.4,63.3,117.0,0,13.9,13.0,76800,76800,0,0,76800,2.0,7.4,3525951,842218,263362,13942050,1,97204,97204,400,300
R,heroes,GPU+VS+FS2,6.6,69.2,128.6,0,15.7,15.7,101376,101376,0,0,101376,2.0,9.7,3500122,1105469,240238,15662186,1,106344,106344,399,300
R,heroes_tex,ARM,0.2,3.4,6.7,0,14.1,14.2,4608,1885,2688,19668,0,0.0,0.0,5488936,0,192345,14116919,1,5278,2161,400,300
R,heroes_tex,GPU,2.1,6.8,14.7,0,14.9,15.0,9216,3767,5376,0,0,1.0,1.2,5138751,140159,225562,14945187,1,10479,4286,400,300
R,heroes_tex,GPU+VS,3.4,74.4,142.6,0,14.3,14.3,101376,101376,0,0,101376,2.0,8.3,3345800,941815,239016,14269730,1,114323,114323,400,300
R,heroes_tex,GPU+T16,5.2,6.8,14.7,0,14.9,14.0,9216,3767,5376,0,0,1.0,1.2,5133063,134786,225058,14920947,1,10480,4286,400,300
R,heroes_tex,GPU+FS2,5.3,6.8,14.7,0,14.0,14.0,9216,3767,5376,0,0,1.0,1.2,5142083,139967,225752,14950295,1,10458,4277,400,300
R,heroes_tex,GPU+VS+FS2,6.6,74.4,142.5,0,14.3,14.3,101376,101376,0,0,101376,2.0,8.3,3364734,939256,239720,14289332,1,114324,114324,400,300
R,heroes_skin,ARM,0.2,3.4,6.5,0,14.5,14.6,4608,1906,2688,21083,0,0.0,0.0,5629281,0,192763,14472634,1,5182,2144,400,300
R,heroes_skin,GPU,2.1,6.7,14.3,0,15.2,15.2,9216,3805,5376,0,0,1.0,1.3,5178252,144521,227010,15215340,1,10247,4233,400,300
R,heroes_skin,GPU+VS,3.4,43.0,90.2,0,15.5,15.5,58368,58368,0,0,58368,3.0,8.8,3452756,982689,309938,15497090,1,66081,66081,400,300
R,heroes_skin,GPU+FS2,5.3,6.7,14.4,0,15.2,15.2,9216,3805,5376,0,0,1.0,1.3,5177834,143662,227023,15220822,1,10235,4228,400,300
R,heroes_skin,GPU+VS+FS2,6.6,43.2,90.1,0,15.4,15.5,58368,58368,0,0,58368,3.0,8.8,3458259,996232,308855,15450794,1,66333,66333,400,300
R,heroes_shadow,ARM,0.2,-1,2.5,0,24.5,24.5,3584,1835,1246,145478,0,0.0,0.0,11255552,0,228416,24492312,0,2438,1249,400,300
R,heroes_shadow,GPU,2.1,3.3,7.8,0,15.6,15.7,9728,4600,3038,0,0,1.0,2.1,5206168,235477,233034,15623144,1,10581,4985,400,300
R,heroes_shadow,GPU+VS,3.4,37.4,77.9,0,14.0,14.0,89600,89536,0,0,89536,2.0,9.2,2861592,1046628,199496,13995000,1,115282,115218,400,300
R,heroes_shadow,GPU+VS+FS2,6.6,38.3,78.8,0,16.5,16.5,117248,117184,0,0,117184,2.0,10.8,3496038,1232462,242553,16490734,1,118158,118094,400,300
R,clip,ARM,0.2,17.7,601.4,0,16.3,16.3,672,184,225,120893,0,0.0,0.0,8064509,0,155258,16271891,4,698,193,400,300
R,clip,GPU,2.1,773.5,1813.9,0,14.7,14.8,26240,4141,4895,0,0,1.0,2.4,5496323,272491,205881,14733018,2,30931,4837,400,300
R,clip,GPU+VS1,3.0,3680.0,3680.0,1,13.6,13.7,147200,33280,0,0,33280,2.0,4.9,4450414,554129,247788,13566383,1,147200,33280,400,300
R,clip,GPU+VS,3.4,3680.0,3680.0,1,13.6,13.7,147200,33280,0,0,33280,2.0,4.9,4451529,551985,247871,13574118,1,147200,33280,400,300
R,clip,GPU+VS+FS2,6.6,3680.0,3680.0,1,13.2,13.2,147200,33280,0,0,33280,2.0,4.4,4418267,497251,248531,13167311,1,147200,33280,400,300
R,tiny,ARM,0.2,14.3,30.0,0,15.2,15.3,6656,6656,3757,4012,0,0.0,0.0,5959464,0,192110,15200058,1,7333,7333,400,300
R,tiny,GPU,2.1,19.7,41.7,0,14.7,14.7,8704,8704,4913,0,0,1.0,2.6,6406089,295927,305021,14687934,1,10076,10076,400,300
R,tiny,GPU+VS,3.4,193.6,411.7,0,13.7,13.8,79872,78848,0,0,78848,1.0,11.5,1978438,1308681,60009,13717678,1,99149,97383,400,300
R,tiny,GPU+VS+FS2,6.6,193.4,411.6,0,13.8,13.8,79872,78848,0,0,78848,1.0,11.5,1983634,1311552,60697,13722499,1,99032,97272,400,300
R,draws,ARM,0.2,469.6,1493.1,0,14.8,14.0,4428,2066,2792,143489,0,0.0,0.0,5692581,0,170693,14792623,2,5635,2648,400,300
R,draws,GPU,2.1,1251.4,2753.2,0,15.6,15.7,13980,6083,8184,0,0,1.0,2.1,6862432,227958,226846,15627494,1,15017,6546,400,300
R,draws,GPU+VS,3.4,1519.5,3230.0,0,11.8,11.8,13980,12276,0,0,12276,2.0,3.8,3683290,430659,260818,11750955,1,18234,16058,400,300
R,draws,GPU+WC,4.5,1250.6,2749.8,0,15.6,15.7,13980,6083,8184,0,0,1.0,2.1,6854935,227474,72003,15606270,1,15007,6542,400,300
R,draws,GPU+VS+FS2,6.6,1516.4,3222.9,0,11.8,11.8,13980,12276,0,0,12276,2.0,3.9,3701507,439547,259499,11767531,1,18196,16025,400,300
R,quad_flat,ARM,0.2,11.6,24.7,0,14.7,14.7,20,20,40,576000,0,0.0,0.0,6452833,0,161885,14714375,1,23,23,400,300
R,quad_flat,GPU,2.1,174.9,367.0,0,15.0,15.1,312,312,624,0,0,1.0,12.8,2143956,1466581,45192,15036144,1,350,350,400,300
R,quad_flat,GPU+AA,2.1,171.6,361.0,0,15.3,15.3,312,312,624,0,0,1.0,13.0,2195159,1490849,48107,15303868,1,343,343,400,300
R,quad_flat,GPU+VS,3.4,164.5,346.4,0,15.9,15.9,312,312,0,0,312,1.0,13.7,2214702,1554678,62421,15887963,1,329,329,400,300
R,quad_flat,GPU+VS+FS2,6.6,164.6,346.3,0,15.9,15.9,312,312,0,0,312,1.0,13.7,2216974,1555094,59704,15887648,1,329,329,400,300
R,quad_smooth,ARM,0.2,6.2,13.2,0,16.3,16.3,12,12,24,345600,0,0.0,0.0,9272656,0,145743,16263072,1,12,12,400,300
R,quad_smooth,GPU,2.1,171.3,360.4,0,15.3,15.3,312,312,624,0,0,1.0,12.8,2227587,1460770,46417,15309411,1,343,343,400,300
R,quad_smooth,GPU+VS,3.4,164.5,346.5,0,15.9,15.9,312,312,0,0,312,1.0,13.7,2214182,1553501,62259,15888683,1,329,329,400,300
R,quad_smooth,GPU+VS+FS2,6.6,165.0,346.8,0,15.8,15.8,312,312,0,0,312,1.0,13.7,2212032,1570498,61869,15837938,1,330,330,400,300
R,quad_tex,ARM,0.2,3.4,7.4,0,14.8,14.8,6,6,12,172800,0,0.0,0.0,7445723,0,138229,14818642,1,7,7,400,300
R,quad_tex,GPU,2.1,111.2,234.6,0,13.5,13.6,176,176,352,0,0,1.0,11.6,1856457,1327036,37975,13550414,1,222,222,400,300
R,quad_tex,GPU+WC,4.5,111.2,234.6,0,13.5,13.6,176,176,352,0,0,1.0,11.6,1856513,1327194,8868,13549482,1,222,222,400,300
R,quad_tex,GPU+T16,5.2,112.1,236.1,0,13.4,13.5,176,176,352,0,0,1.0,11.5,1843748,1317973,38294,13424672,1,224,224,400,300
R,quad_tex,GPU+FS2,5.3,147.6,312.7,0,13.6,13.6,234,234,468,0,0,1.0,11.4,1919852,1305662,40465,13539600,1,295,295,400,300
R,quad_tex,GPU+VS+FS2,6.6,131.7,275.9,0,14.0,15.0,234,234,0,0,234,1.0,12.0,2044901,1483703,53561,14978708,1,263,263,400,300
R,quad_alpha,ARM,0.2,3.5,7.6,0,14.5,14.6,6,6,12,161520,0,0.0,0.0,7224775,0,139265,14520244,1,7,7,400,300
R,quad_alpha,GPU,2.1,104.8,221.1,0,14.3,14.3,176,176,352,0,0,1.0,12.3,1938406,1407787,38473,14263616,1,210,210,400,300
R,quad_alpha,GPU+FS2,5.3,136.2,288.2,0,14.6,14.6,234,234,468,0,0,1.0,12.4,2038151,1415064,40207,14560572,1,272,272,400,300
R,quad_alpha,GPU+VS+FS2,6.6,122.5,256.9,0,15.0,15.0,234,234,0,0,234,1.0,13.0,2155493,1604818,54357,15967954,1,245,245,400,300
R,quad_screen,ARM,0.2,14.2,29.0,0,15.4,15.5,26,26,52,374400,0,0.0,0.0,4560651,0,174500,15413976,1,28,28,400,300
R,quad_screen,GPU,2.1,159.9,336.3,0,16.3,16.3,312,312,624,0,0,1.0,14.1,2290443,1609499,45219,16303142,1,320,320,400,300
R,quad_screen,GPU+VS+FS2,6.6,151.5,318.5,0,13.2,13.2,234,234,0,0,234,1.0,11.2,1840500,1282238,52131,13219251,1,303,303,400,300
R,quad_texscreen,ARM,0.2,2.0,6.4,0,11.8,11.9,4,4,8,53880,0,0.0,0.0,6002538,0,131261,11841494,1,6,6,400,300
R,quad_texscreen,GPU,2.1,101.8,215.0,0,14.6,14.7,176,176,352,0,0,1.0,12.7,1982598,1446786,39041,14642884,1,204,204,400,300
R,quad_texscreen,GPU+FS2,5.3,122.1,257.2,0,16.0,16.1,234,234,468,0,0,1.0,13.9,2205609,1590976,42461,16044216,1,244,244,400,300
R,quad_texscreen,GPU+VS+FS2,6.6,111.7,234.1,0,13.5,13.5,176,176,0,0,176,1.0,11.6,1816564,1329679,47496,13484947,1,223,223,400,300
R,texswap,ARM,0.2,85.0,1194.2,0,15.2,15.2,132,132,264,118478,0,0.0,0.0,6346370,0,176242,15175355,3,172,172,400,300
R,texswap,GPU,2.1,1387.3,3710.3,0,14.8,14.9,2330,2046,4092,0,0,1.0,5.3,4449762,600622,148186,14826367,2,2775,2441,400,300
R,texswap,GPU+VS+FS2,6.6,1302.0,2963.6,0,14.9,14.0,2330,2046,0,0,2046,2.0,7.5,3842836,852923,267437,14941347,2,2604,2290,400,300
R,split,ARM,0.2,14.0,30.1,0,15.6,15.7,4992,1950,2912,188870,0,0.0,0.0,6462117,0,185818,15597862,1,5382,2101,400,300
R,split,GPU,2.1,5.6,10.9,0,14.7,14.8,1920,748,1120,0,0,5.0,10.8,2422692,1193607,166322,14726504,1,2156,842,400,300
R,split,GPU+VS,3.4,6.0,11.7,0,16.6,16.6,2304,2304,0,0,2304,6.0,13.5,2208460,1488415,175702,16587150,1,2313,2313,400,300
R,split,GPU+VS+Q,4.1,6.0,11.7,0,16.6,16.6,2304,2304,0,0,2304,6.0,13.5,2201938,1492540,175341,16560118,1,2317,2317,400,300
R,split,GPU+Q,4.1,5.6,10.9,0,14.7,14.8,1920,748,1120,0,0,5.0,10.7,2422464,1185863,166064,14713667,1,2157,842,400,300
R,split,GPU+2D,4.8,50.6,108.2,0,16.5,16.6,19200,7475,11200,0,0,1.0,3.3,7264799,373874,249183,16487927,1,19434,7566,400,300
R,split,GPU+VS+Q2,5.1,5.0,11.6,0,13.8,13.8,1920,1920,0,0,1920,5.0,10.0,1849657,1214976,146209,13751679,1,2302,2302,400,300
R,split,GPU+VS+FS2,6.6,5.0,11.6,0,13.7,13.8,1920,1920,0,0,1920,5.0,10.0,1841494,1213110,145856,13720774,1,2301,2301,400,300
R,match,ARM,0.2,-1,1.4,0,30.9,30.0,7808,4198,3542,142521,0,0.0,0.0,13718348,0,286846,30928326,0,4206,2261,400,300
R,match,GPU,2.1,-1,5.2,0,17.4,17.5,7808,4199,3542,0,0,2.0,2.4,5813683,275372,233835,17378704,1,7476,4020,400,300
R,match,GPU+AA,2.1,-1,5.0,0,18.1,18.2,7808,4199,3542,0,0,2.0,3.1,5941600,348044,238325,18079108,1,7195,3870,400,300
R,match,GPU+VS1,3.0,2.7,7.1,0,13.0,14.0,10880,5620,2688,0,2240,2.0,2.6,4329415,299138,213752,13950695,1,13045,6597,400,300
R,match,GPU+VS,3.4,32.4,74.6,0,15.6,15.6,93824,92864,0,0,92864,3.0,10.1,3203236,1148548,237292,15579236,1,104149,103189,400,300
R,match,GPU+Q,4.1,-1,5.3,0,17.4,17.5,7808,4199,3542,0,0,1.0,2.9,5816257,333604,208078,17430454,1,7464,4014,400,300
R,match,GPU+WC,4.5,-1,5.2,0,17.3,17.3,7808,4199,3542,0,0,2.0,2.3,5801375,259691,59815,17262772,1,7538,4054,400,300
R,match,GPU+2D,4.8,-1,5.2,0,17.3,17.5,7808,4199,3542,0,0,2.0,2.4,5797317,269701,234195,17336700,1,7516,4042,400,300
R,match,GPU+T16,5.2,-1,5.3,0,17.3,17.3,7808,4199,3542,0,0,2.0,2.3,5799883,257993,233737,17240632,1,7543,4057,400,300
R,match,GPU+FS2,5.3,-1,5.2,0,17.2,17.3,7808,4199,3542,0,0,2.0,2.3,5795187,256858,233363,17230688,1,7547,4059,400,300
R,match,GPU+VS+S,5.4,31.4,73.1,0,15.9,15.0,93824,92864,0,0,92864,3.0,9.7,3568298,1102671,269813,15907399,2,101334,100374,400,300
R,match,GPU+VS+FS2,6.6,30.5,71.3,0,16.2,16.2,93824,92864,0,0,92864,3.0,10.7,3276901,1213622,236825,16154503,1,98499,97539,400,300
R,mix,ARM,0.2,1.2,3.4,0,15.3,15.6,4720,2083,1879,52531,0,0.0,0.0,6191054,0,214801,15277083,1,5292,2346,400,300
R,mix,GPU,2.1,2.8,6.8,0,13.5,13.5,7840,3518,2816,0,0,2.0,1.9,4159153,209931,219693,13493236,1,10195,4601,400,300
R,mix,GPU+AA,2.1,2.7,6.7,0,13.9,14.1,7840,3518,2816,0,0,2.0,2.2,4254195,242619,224159,13905890,1,9915,4472,400,300
R,mix,GPU+VS,3.4,24.9,51.1,0,15.5,15.5,70240,70238,0,0,70238,3.0,9.8,3196824,1113146,248013,15459702,1,79219,79217,400,300
R,mix,GPU+T16,5.2,2.8,6.8,0,13.6,13.7,7840,3518,2816,0,0,2.0,1.0,4165276,223073,219624,13592379,1,10245,4624,400,300
R,mix,GPU+FS2,5.3,2.8,6.8,0,13.5,13.6,7840,3518,2816,0,0,2.0,1.9,4154250,208445,219326,13474107,1,10278,4639,400,300
R,mix,GPU+VS+FS2,6.6,25.0,51.0,0,15.4,15.5,70240,70238,0,0,70238,3.0,9.7,3195792,1095377,248799,15380872,1,79744,79742,400,300
R,queue,GPU,2.1,91.6,270.9,0,16.3,16.4,8448,3443,4928,0,0,1.0,1.3,9369023,144394,144254,16341146,2,8791,3581,400,300
R,queue,GPU+VS,3.4,598.7,1653.2,0,14.3,14.4,47232,47232,0,0,47232,1.0,3.5,7254803,399763,126254,14332464,2,57476,57476,400,300
R,queue,GPU+VS+Q,4.1,686.0,1841.3,0,16.5,16.5,62976,62976,0,0,62976,2.0,10.9,7874323,492561,182666,16463616,2,65948,65948,400,300
R,queue,GPU+Q,4.1,103.5,300.4,0,15.4,15.4,8448,3443,4928,0,0,1.0,6.6,9224810,60,146830,15397140,2,9934,4039,400,300
R,queue,GPU+VS+Q2,5.1,689.1,1839.6,0,16.5,16.5,62976,62976,0,0,62976,2.0,10.9,7874352,492344,183535,16451158,2,66149,66149,400,300
R,queue,GPU+VS+FS2,6.6,598.5,1652.2,0,14.3,14.4,47232,47232,0,0,47232,1.0,3.5,7255226,395854,123998,14327578,2,57459,57459,400,300
R,big,ARM,0.2,-1,-1,0,81.9,82.0,24192,18488,12337,158503,0,0.0,0.0,31168508,0,764420,81878432,0,4924,3763,400,300
R,big,GPU,2.1,-1,-1,0,59.6,59.6,24192,18487,12337,0,0,1.0,6.5,20561610,740533,940673,59577752,0,6767,5171,400,300
R,big,GPU+VS1,3.0,-1,2.3,0,17.1,17.1,24192,18487,5112,0,14112,1.0,4.8,5048477,544489,207838,17090660,0,23583,18022,400,300
R,big,GPU+VS,3.4,9.3,23.0,0,15.0,15.0,94752,94752,0,0,94752,1.0,13.6,1838834,1544110,32953,15012214,1,108107,108107,400,300
R,big,GPU+VS+Q,4.1,9.4,23.1,0,14.0,15.1,94752,94752,0,0,94752,1.0,13.6,1836835,1545808,32901,14992632,1,108394,108394,400,300
R,big,GPU+Q,4.1,-1,-1,0,59.4,59.6,24192,18487,12337,0,0,1.0,6.5,20557288,743248,941060,59455416,0,6783,5183,400,300
R,big,GPU+VS+S,5.4,13.6,31.9,0,16.1,16.1,145152,145152,0,0,145152,1.0,14.6,1975422,1654866,35477,16069219,2,151575,151575,400,300
R,big,GPU+VS+FS2,6.6,9.2,22.0,0,15.1,15.1,94752,94752,0,0,94752,1.0,13.7,1846523,1558947,32521,15107859,1,107294,107294,400,300
R,big_logic,ARM,0.2,-1,-1,0,87.9,88.1,24192,18488,12337,158503,0,0.0,0.0,36394472,0,757014,87875800,0,4587,3505,400,300
R,big_logic,GPU,2.1,-1,-1,0,66.1,66.2,24192,18487,12337,0,0,1.0,6.5,25791214,740328,943228,66041900,0,6102,4663,400,300
R,big_logic,GPU+VS1,3.0,-1,1.8,0,23.4,23.5,24192,18487,5112,0,14112,1.0,4.8,10280529,543285,210576,23418720,0,17216,13156,400,300
R,big_logic,GPU+VS,3.4,4.1,17.5,0,16.5,16.6,54432,54432,0,0,54432,1.0,8.5,6483712,969844,32997,16532614,2,55479,55479,400,300
R,big_logic,GPU+VS+Q,4.1,9.3,23.1,0,14.0,15.0,94752,94752,0,0,94752,1.0,13.6,6312589,795466,32582,14999138,1,108227,108227,400,300
R,big_logic,GPU+Q,4.1,-1,-1,0,59.5,59.5,24192,18487,12337,0,0,1.0,6.6,25047358,60,941219,59476176,0,6778,5180,400,300
R,big_logic,GPU+VS+S,5.4,6.4,24.7,0,16.3,16.4,74592,74592,0,0,74592,1.0,8.3,6465050,952469,33673,16323795,2,78551,78551,400,300
R,big_logic,GPU+VS+FS2,6.6,4.1,17.5,0,16.6,16.7,54432,54432,0,0,54432,1.0,8.6,6490131,976071,32976,16584448,2,55150,55150,400,300
R,gpu2d,ARM,0.2,1632.9,3856.8,0,16.1,16.1,576,226,336,43826,0,0.0,0.0,9142134,0,171500,16054831,2,576,227,400,300
R,gpu2d,GPU,2.1,1929.3,4147.3,0,13.8,13.9,576,226,336,0,0,1.0,0.3,8279116,34381,78050,13831190,2,576,227,400,300
R,gpu2d,GPU+2D,4.8,2177.1,4681.9,0,15.0,16.8,576,226,336,0,0,1.0,8.9,4980272,1011535,434959,15932552,1,576,227,400,300
R,gpu2d,GPU+VS+FS2,6.6,1973.3,4190.1,0,13.5,13.5,576,576,0,0,576,1.0,0.3,8098196,38215,72021,13494943,1,576,576,400,300
R,bilinear,GPU,2.1,109.5,231.2,0,13.7,13.8,176,176,352,0,0,1.0,11.8,1875572,1346151,38057,13722602,1,219,219,400,300
score 3506 (bm3d 6.7 as the games get it, 24 of 24 tests), GPU bm3d 2.1 961, ARM bm3d 0.2 170; 1000: bm3d 2.1 at its best on the Pi Zero W
columns S,driver,version,score,tests,full
S,games,6.7,3506,24,1
S,GPU,2.1,961,24,1
S,ARM,0.2,170,24,1
triangles at 60 fps 79744 in the mix (79742 drawn), the most 147200 (clip)
total 252 s
