bm report
kind: bench3d
kernel: v0.2.3-50-gc5799b6
branch: bm3d-driver
board: Pi Zero W
date: 2026-10-06 09:53:10
file: 20261006-095310_bench3d_pi-zero-w_v0.2.3-50-gc5799b6.txt

bm 3D Bench
kernel v0.2.3-50-gc5799b6
drivers bm3d 6.4 (M41)
date 2026-10-06 09:50 UTC
machine ARM 1000 MHz, core 250, V3D 250, SDRAM 400 MHz, 44.3 C, throttled 00000
gpu bm3d 6.4 ready (byte a = red, texels in place, textures in tiles, MSAA on any page, 16-bit textures yes, two-thread shaders yes, vertex shader no, indexed no, clipping no, lit models no, queue yes, zclear in job yes)
probes vertex shader probe (VPM in bytes): 0000 0000 0000 0000 (clockwise bit 0); vertex shader probe (VPM in words): 0000 0000 0000 0000 (clockwise bit 0)
counters ARM1176 PMU
previous bm/bench/3D0010.TXT
columns R,test,profile,version,n60,n30,over,ms,worst,tris_in,tris,verts,pixels,gltris,jobs,gpu_ms,instr,wait_instr,dmiss,cycles,secs,tris60,drawn60
R,spheres,ARM,0.2,72.7,206.3,0,15.6,15.7,6336,2540,3696,137295,0,0.0,0.0,6435035,0,188207,15632655,2,6982,2817
R,spheres,GPU,2.1,209.6,440.0,0,16.5,16.6,19968,8156,11648,0,0,1.0,2.8,7615253,312440,256667,16543931,1,20124,8221
R,spheres,GPU+AA,2.1,207.6,436.5,0,12.0,13.0,14976,6103,8736,0,0,1.0,2.3,5812735,255984,200030,12984304,1,19927,8140
R,spheres,GPU+WC,4.5,209.7,439.9,0,16.5,16.6,19968,8156,11648,0,0,1.0,2.8,7614745,311965,60703,16541032,1,20133,8225
R,spheres_smooth,ARM,0.2,21.8,103.4,0,13.5,13.7,1632,640,952,131040,0,0.0,0.0,6693335,0,145893,13493356,2,2098,819
R,spheres_smooth,GPU,2.1,163.2,343.4,0,16.0,16.1,14976,6103,8736,0,0,1.0,2.2,7099141,241373,223419,16013639,1,15667,6388
R,spheres_tex,ARM,0.2,6.3,53.7,0,15.9,15.0,576,213,336,119532,0,0.0,0.0,7858100,0,143260,15847964,2,608,225
R,spheres_tex,GPU,2.1,165.3,348.2,0,15.8,15.9,14976,6103,8736,0,0,1.0,2.3,6785941,256648,192683,15839003,1,15865,6469
R,spheres_tex,GPU+T16,5.2,162.5,341.4,0,16.1,16.1,14976,6103,8736,0,0,1.0,2.2,6780132,246787,205158,16067494,1,15601,6361
R,spheres_tex,GPU+FS2,5.3,162.3,341.1,0,16.1,16.1,14976,6103,8736,0,0,1.0,2.2,6781403,245801,205346,16082256,1,15578,6351
R,spheres_unlit,ARM,0.2,78.5,227.6,0,14.9,14.9,6336,2540,3696,137295,0,0.0,0.0,6112766,0,185984,14865606,2,7533,3052
R,spheres_unlit,GPU,2.1,243.6,512.4,0,14.5,14.5,19968,8156,11648,0,0,1.0,2.8,6554789,312926,262303,14450376,1,23386,9571
R,spheres_baked,ARM,0.2,25.8,110.9,0,16.3,16.5,2112,824,1232,169127,0,0.0,0.0,8362717,0,148534,16286288,2,2475,979
R,spheres_baked,GPU,2.1,195.4,410.1,0,13.6,13.7,14976,6103,8736,0,0,1.0,2.2,6154917,243487,199071,13645212,1,18761,7660
R,spheres_shine,ARM,0.2,20.5,86.3,0,14.2,14.4,1632,640,952,131040,0,0.0,0.0,6899656,0,149084,14216991,2,1972,771
R,spheres_shine,GPU,2.1,112.4,235.9,0,13.5,13.5,8448,3443,4928,0,0,1.0,1.3,5226842,147068,134793,13474779,1,10792,4384
R,heroes,ARM,0.2,3.9,8.4,0,12.8,12.8,4608,1885,2688,21260,0,0.0,0.0,4528315,0,180161,12740564,1,5971,2445
R,heroes,GPU,2.1,6.1,13.0,0,16.5,16.5,9216,3767,5376,0,0,1.0,1.2,5719545,130977,214137,16485066,1,9329,3814
R,heroes,GPU+WC,4.5,6.1,13.0,0,16.5,16.5,9216,3767,5376,0,0,1.0,1.2,5720881,130170,109882,16480599,1,9337,3817
R,heroes_tex,ARM,0.2,3.4,6.7,0,14.1,14.1,4608,1885,2688,19668,0,0.0,0.0,5469621,0,190870,14079738,1,5293,2167
R,heroes_tex,GPU,2.1,6.9,14.9,0,14.7,14.8,9216,3767,5376,0,0,1.0,1.2,5117751,136904,222676,14735667,1,10638,4351
R,heroes_tex,GPU+T16,5.2,6.9,14.9,0,14.7,14.7,9216,3767,5376,0,0,1.0,1.2,5112306,133603,222453,14697366,1,10658,4359
R,heroes_tex,GPU+FS2,5.3,6.9,14.9,0,14.7,14.8,9216,3767,5376,0,0,1.0,1.2,5115357,136610,222843,14732264,1,10645,4354
R,heroes_skin,ARM,0.2,3.4,6.5,0,14.5,14.5,4608,1906,2688,21083,0,0.0,0.0,5606499,0,189427,14420584,1,5198,2151
R,heroes_skin,GPU,2.1,6.8,14.7,0,14.0,14.0,9216,3805,5376,0,0,1.0,1.3,5160875,140894,223679,14978610,1,10441,4313
R,heroes_skin,GPU+FS2,5.3,6.8,14.7,0,14.0,14.0,9216,3805,5376,0,0,1.0,1.2,5160302,138160,223739,14964534,1,10446,4315
R,heroes_shadow,ARM,0.2,-1,2.5,0,24.5,24.5,2048,1079,1246,145478,0,0.0,0.0,11214118,0,223047,24502172,0,1393,734
R,heroes_shadow,GPU,2.1,3.3,7.9,0,15.3,15.4,5120,2333,3038,0,0,1.0,1.9,5143583,211670,230182,15342876,1,5655,2553
R,clip,ARM,0.2,17.8,611.0,0,16.2,16.3,672,184,225,120893,0,0.0,0.0,8038962,0,151398,16224511,3,702,194
R,clip,GPU,2.1,816.6,1883.2,0,14.1,14.2,26240,4141,4895,0,0,1.0,2.0,5430597,230162,203969,14095890,1,32650,5092
R,tiny,ARM,0.2,14.6,31.7,0,14.9,14.0,6656,6656,3757,4012,0,0.0,0.0,5933023,0,190191,14889846,1,7500,7500
R,tiny,GPU,2.1,19.8,41.8,0,14.6,14.7,8704,8704,4913,0,0,1.0,2.6,6384903,293178,301841,14635534,1,10125,10125
R,draws,ARM,0.2,476.2,1507.9,0,14.7,14.8,4428,2066,2792,143489,0,0.0,0.0,5668086,0,165288,14658879,2,5715,2687
R,draws,GPU,2.1,1271.7,2796.1,0,15.4,15.5,13980,6083,8184,0,0,1.0,2.1,6823849,231711,227984,15392928,1,15260,6655
R,draws,GPU+WC,4.5,1269.0,2798.1,0,15.4,15.5,13980,6083,8184,0,0,1.0,2.1,6831035,228310,75080,15425140,1,15228,6640
R,quad_flat,ARM,0.2,11.7,24.8,0,14.6,14.7,20,20,40,576000,0,0.0,0.0,6426575,0,158077,14643624,1,23,23
R,quad_flat,GPU,2.1,91.2,192.1,0,16.1,16.1,176,176,352,0,0,1.0,14.3,2114006,1610464,35295,16132326,1,182,182
R,quad_flat,GPU+AA,2.1,90.1,189.8,0,16.3,16.3,176,176,352,0,0,1.0,14.5,2153007,1636799,36616,16314867,1,180,180
R,quad_smooth,ARM,0.2,6.2,13.4,0,16.1,16.1,12,12,24,345600,0,0.0,0.0,9247007,0,141832,16087150,1,12,12
R,quad_smooth,GPU,2.1,90.5,190.4,0,16.2,16.3,176,176,352,0,0,1.0,14.3,2158587,1614877,35679,16249518,1,181,181
R,quad_tex,ARM,0.2,3.4,7.4,0,14.8,14.9,6,6,12,172800,0,0.0,0.0,7422899,0,135259,14825726,1,7,7
R,quad_tex,GPU,2.1,82.5,173.8,0,13.6,13.7,132,132,264,0,0,1.0,11.9,1803300,1343702,32660,13648508,1,165,165
R,quad_tex,GPU+WC,4.5,82.5,173.8,0,13.7,13.7,132,132,264,0,0,1.0,11.9,1804336,1340452,4815,13661950,1,165,165
R,quad_tex,GPU+T16,5.2,82.7,173.8,0,13.6,13.7,132,132,264,0,0,1.0,11.9,1798675,1339077,32485,13627110,1,165,165
R,quad_tex,GPU+FS2,5.3,148.2,313.8,0,13.5,13.5,234,234,468,0,0,1.0,11.4,1901118,1288281,36786,13501606,1,296,296
R,quad_alpha,ARM,0.2,3.5,7.6,0,14.4,14.5,6,6,12,161520,0,0.0,0.0,7198415,0,135041,14432142,1,7,7
R,quad_alpha,GPU,2.1,105.1,221.8,0,14.2,14.3,176,176,352,0,0,1.0,12.3,1917313,1390055,34454,14222918,1,210,210
R,quad_alpha,GPU+FS2,5.3,136.9,289.4,0,14.5,14.5,234,234,468,0,0,1.0,12.4,2009819,1397516,36622,14479072,1,274,274
R,quad_screen,ARM,0.2,14.2,29.0,0,15.4,15.5,26,26,52,374400,0,0.0,0.0,4542255,0,171276,15405211,1,28,28
R,quad_screen,GPU,2.1,160.4,337.6,0,16.3,16.3,312,312,624,0,0,1.0,14.1,2265575,1585433,41113,16250171,1,321,321
R,quad_texscreen,ARM,0.2,2.0,6.4,0,11.8,11.8,4,4,8,53880,0,0.0,0.0,5986265,0,128468,11797572,1,6,6
R,quad_texscreen,GPU,2.1,102.3,215.8,0,14.6,14.6,176,176,352,0,0,1.0,12.7,1960430,1429269,34537,14580339,1,205,205
R,quad_texscreen,GPU+FS2,5.3,122.9,258.5,0,15.9,15.0,234,234,468,0,0,1.0,13.9,2180076,1569657,36761,15943727,1,246,246
R,texswap,ARM,0.2,86.0,1245.9,0,15.1,15.1,132,132,264,118478,0,0.0,0.0,6324201,0,172652,15111300,3,174,174
R,texswap,GPU,2.1,1391.1,3726.1,0,14.8,14.8,2330,2046,4092,0,0,1.0,5.3,4422243,595043,133709,14794419,2,2782,2448
R,split,ARM,0.2,14.2,30.4,0,15.5,15.5,4992,1950,2912,188870,0,0.0,0.0,6435743,0,183059,15446959,1,5434,2121
R,split,GPU,2.1,5.5,10.7,0,15.1,15.1,1920,748,1120,0,0,5.0,11.1,2459635,1229345,163350,15074578,1,2111,824
R,split,GPU+Q,4.1,5.5,10.7,0,15.1,15.1,1920,748,1120,0,0,5.0,11.1,2457530,1220873,163389,15052431,1,2113,825
R,split,GPU+2D,4.8,48.7,105.0,0,13.4,13.8,14592,5669,8512,0,0,1.0,3.1,5624484,343944,194774,13427676,1,18713,7284
R,match,ARM,0.2,-1,1.4,0,30.0,30.0,6272,3442,3542,142521,0,0.0,0.0,13667046,0,278834,30964020,0,3376,1853
R,match,GPU,2.1,-1,5.2,0,17.2,17.2,6272,3443,3542,0,0,2.0,2.3,5772563,256152,229958,17158500,1,6086,3341
R,match,GPU+AA,2.1,-1,5.0,0,17.8,17.9,6272,3443,3542,0,0,2.0,2.9,5895832,322809,234711,17815174,1,5864,3219
R,match,GPU+Q,4.1,-1,5.1,0,17.2,17.2,6272,3443,3542,0,0,1.0,2.8,5773055,314378,204394,17199422,1,6077,3336
R,match,GPU+WC,4.5,-1,5.2,0,17.5,17.6,6272,3443,3542,0,0,2.0,2.7,5811421,297181,56478,17509652,1,5965,3275
R,match,GPU+2D,4.8,-1,5.2,0,17.4,17.6,6272,3443,3542,0,0,2.0,2.5,5786178,282744,230906,17365872,1,6014,3302
R,match,GPU+T16,5.2,-1,5.2,0,17.0,17.0,6272,3443,3542,0,0,2.0,2.2,5756368,242062,230065,17016766,1,6138,3369
R,match,GPU+FS2,5.3,-1,5.2,0,17.1,17.2,6272,3443,3542,0,0,2.0,2.3,5769063,254705,230019,17129696,1,6097,3347
R,mix,ARM,0.2,1.2,3.4,0,15.3,15.6,3184,1327,1879,52531,0,0.0,0.0,6169033,0,215795,15299780,1,3468,1449
R,mix,GPU,2.1,2.8,6.9,0,13.5,13.6,4768,2006,2816,0,0,2.0,1.0,4143947,219375,217347,13508916,1,6031,2548
R,mix,GPU+AA,2.1,2.7,6.8,0,13.8,13.9,4768,2006,2816,0,0,2.0,2.2,4224838,241458,221912,13784651,1,5899,2491
R,mix,GPU+T16,5.2,2.8,6.9,0,13.4,13.4,4768,2006,2816,0,0,2.0,1.8,4127276,204881,217203,13359078,1,6035,2550
R,mix,GPU+FS2,5.3,2.8,6.9,0,13.4,13.5,4768,2006,2816,0,0,2.0,1.9,4132429,205619,217109,13393383,1,6053,2558
R,queue,GPU,2.1,90.7,268.4,0,16.4,16.4,8448,3443,4928,0,0,1.0,1.3,9342426,148222,137175,16403046,2,8711,3549
R,queue,GPU+Q,4.1,107.1,309.9,0,15.2,15.2,8448,3443,4928,0,0,1.0,6.6,9198635,60,146317,15145134,2,10277,4177
R,big,ARM,0.2,-1,-1,0,81.5,81.5,24192,18488,12337,158503,0,0.0,0.0,31037628,0,747278,81410976,0,4950,3783
R,big,GPU,2.1,-1,-1,0,57.9,57.0,24192,18487,12337,0,0,1.0,6.5,20474510,733201,929252,57904104,0,6963,5322
R,big,GPU+Q,4.1,-1,-1,0,57.9,57.0,24192,18487,12337,0,0,1.0,6.5,20477388,729697,929839,57939392,0,6959,5318
R,big_logic,ARM,0.2,-1,-1,0,88.0,88.1,24192,18488,12337,158503,0,0.0,0.0,36253836,0,741769,87980528,0,4580,3500
R,big_logic,GPU,2.1,-1,-1,0,64.5,64.5,24192,18487,12337,0,0,1.0,6.5,25693216,733725,930644,64475180,0,6254,4780
R,big_logic,GPU+Q,4.1,-1,-1,0,57.0,58.0,24192,18487,12337,0,0,1.0,6.6,24963920,60,929886,57979916,0,6953,5314
R,gpu2d,ARM,0.2,1644.2,3879.1,0,15.0,15.0,576,226,336,43826,0,0.0,0.0,9116518,0,166769,15971442,2,576,227
R,gpu2d,GPU,2.1,1942.0,4167.4,0,13.7,13.8,576,226,336,0,0,1.0,0.3,8258769,35552,73421,13742702,1,576,227
R,gpu2d,GPU+2D,4.8,2130.1,4576.3,0,16.3,17.1,576,226,336,0,0,1.0,9.4,5013804,1049225,431095,16244140,1,576,227
R,bilinear,GPU,2.1,109.7,231.5,0,13.7,13.7,176,176,352,0,0,1.0,11.8,1858372,1330269,34499,13699450,1,219,219
score 944 (bm3d 6.4 as the games get it, 24 of 24 tests), GPU bm3d 2.1 905, ARM bm3d 0.2 172; 1000: bm3d 2.1 at its best on the Pi Zero W
columns S,driver,version,score,tests,full
S,games,6.4,944,24,1
S,GPU,2.1,905,24,1
S,ARM,0.2,172,24,1
triangles at 60 fps 6053 in the mix (2558 drawn), the most 32650 (clip)
total 136 s
