bm report
kind: bench3d
kernel: v0.2.3-14-gc1bfb50
branch: bm3d-driver
board: RGB30
date: 2026-10-05 16:00:21
file: 20261005-160021_bench3d_rgb30_v0.2.3-14-gc1bfb50.txt

bm 3D Bench
kernel v0.2.3-14-gc1bfb50
drivers bm3d 6.1 (M41)
date 2026-10-05 15:59 UTC
machine RGB30, Cortex-A55, the 3D on the ARM (Mali: runs jobs, no drawing yet)
gpu no GPU driver on the RGB30 yet
probes none
counters Cortex-A55 PMU
previous bm/bench/3D0006.TXT
columns R,test,profile,version,n60,n30,over,ms,worst,tris_in,tris,verts,pixels,gltris,jobs,gpu_ms,instr,wait_instr,dmiss,cycles,secs
R,spheres,ARM,0.2,156.8,412.3,0,16.6,16.7,14976,6105,8736,152915,0,0.0,0.0,12569368,0,11894,13555950,3
R,spheres_smooth,ARM,0.2,79.1,294.6,0,15.1,15.1,6336,2540,3696,153944,0,0.0,0.0,12914510,0,15865,12282914,3
R,spheres_tex,ARM,0.2,27.2,139.8,0,16.5,16.7,2112,825,1232,162937,0,0.0,0.0,13094388,0,24801,13460462,3
R,spheres_unlit,ARM,0.2,178.5,468.5,0,15.4,15.4,14976,6105,8736,152915,0,0.0,0.0,11873795,0,11459,12561556,3
R,spheres_baked,ARM,0.2,89.4,378.0,0,16.5,16.6,8448,3443,4928,166485,0,0.0,0.0,14377790,0,11278,13481804,3
R,spheres_shine,ARM,0.2,66.5,221.0,0,16.6,16.6,6336,2540,3696,153944,0,0.0,0.0,13716011,0,15933,13540063,3
R,heroes,ARM,0.2,7.6,16.9,0,14.3,14.3,9216,3766,5376,63742,0,0.0,0.0,10749616,0,16116,11630115,2
R,heroes_tex,ARM,0.2,5.8,13.6,0,14.3,14.3,7680,3140,4480,46283,0,0.0,0.0,11165379,0,18565,11678555,2
R,heroes_skin,ARM,0.2,5.7,13.6,0,14.4,14.5,7680,3176,4480,48094,0,0.0,0.0,11311087,0,17040,11778611,2
R,heroes_shadow,ARM,0.2,1.7,6.0,0,14.5,14.6,2048,1079,1246,145478,0,0.0,0.0,12205954,0,24463,11859846,1
R,clip,ARM,0.2,220.1,3050.7,1,16.5,16.6,8320,1650,1950,173489,0,0.0,0.0,13947896,0,32091,13500063,4
R,tiny,ARM,0.2,29.8,64.0,0,16.3,16.4,14848,14848,8381,8951,0,0.0,0.0,12571874,0,6014,13300259,2
R,draws,ARM,0.2,821.4,2039.8,0,14.4,14.5,7872,3712,4992,147702,0,0.0,0.0,11085593,0,10217,11777422,3
R,quad_flat,ARM,0.2,16.2,34.4,0,13.8,13.8,26,26,52,748800,0,0.0,0.0,13911584,0,13252,11227888,2
R,quad_smooth,ARM,0.2,9.7,20.6,0,14.1,14.1,16,16,32,460800,0,0.0,0.0,14742322,0,8656,11471786,2
R,quad_tex,ARM,0.2,5.9,12.6,0,14.3,14.3,10,10,20,288000,0,0.0,0.0,12854283,0,7892,11700622,1
R,quad_alpha,ARM,0.2,6.1,12.9,0,16.4,16.4,12,12,24,323120,0,0.0,0.0,14578464,0,9554,13414343,1
R,quad_screen,ARM,0.2,27.0,59.4,0,13.5,13.5,44,44,88,633600,0,0.0,0.0,12306510,0,22261,11012903,2
R,quad_texscreen,ARM,0.2,7.4,15.7,0,13.9,13.9,12,12,24,161560,0,0.0,0.0,14754152,0,9477,11334226,2
R,texswap,ARM,0.2,1020.2,4736.2,1,15.0,15.0,1748,1568,3136,137772,0,0.0,0.0,12171482,0,34095,13025447,4
R,split,ARM,0.2,22.8,49.0,0,16.1,16.2,8448,3283,4928,254939,0,0.0,0.0,12746048,0,19625,13173459,2
R,match,ARM,0.2,-1,6.6,0,17.8,17.9,6272,3442,3542,142521,0,0.0,0.0,14290832,0,31383,14536462,2
R,big,ARM,0.2,-1,-1,0,41.0,42.0,24192,18488,12337,158503,0,0.0,0.0,28629352,0,103134,34250664,0
R,big_logic,ARM,0.2,-1,-1,0,46.7,46.8,24192,18488,12337,158503,0,0.0,0.0,33830136,0,103117,38142616,0
R,gpu2d,ARM,0.2,3282.8,6541.0,1,14.5,14.5,576,227,336,43826,0,0.0,0.0,13687315,0,18085,11848878,3
total 64 s
