bm report
kind: bench3d
kernel: v0.2.3-50-gc5799b6
branch: bm3d-driver
board: RGB30
date: 2026-10-06 09:59:51
file: 20261006-095951_bench3d_rgb30_v0.2.3-50-gc5799b6.txt

bm 3D Bench
kernel v0.2.3-50-gc5799b6
drivers bm3d 6.4 (M41)
date 2026-10-06 09:57 UTC
machine RGB30, Cortex-A55, the 3D on the ARM (Mali: not tested (Dev > GPU test))
gpu no GPU driver on the RGB30 yet
probes none
counters Cortex-A55 PMU
previous bm/bench/3D0012.TXT
columns R,test,profile,version,n60,n30,over,ms,worst,tris_in,tris,verts,pixels,gltris,jobs,gpu_ms,instr,wait_instr,dmiss,cycles,secs,tris60,drawn60
R,spheres,ARM,0.2,156.8,412.4,0,16.6,16.6,14976,6105,8736,152915,0,0.0,0.0,12569336,0,12663,13556551,3,15055,6138
R,spheres_smooth,ARM,0.2,79.1,296.4,0,15.1,15.1,6336,2540,3696,153944,0,0.0,0.0,12914507,0,16112,12287143,3,7595,3079
R,spheres_tex,ARM,0.2,26.8,138.9,0,16.5,16.7,2112,825,1232,162937,0,0.0,0.0,13094390,0,25250,13471151,3,2572,1021
R,spheres_unlit,ARM,0.2,178.6,468.4,0,15.4,15.4,14976,6105,8736,152915,0,0.0,0.0,11873732,0,12061,12562708,3,17141,6995
R,spheres_baked,ARM,0.2,89.2,377.5,0,16.5,16.6,8448,3443,4928,166485,0,0.0,0.0,14377731,0,12102,13504568,3,8566,3490
R,spheres_shine,ARM,0.2,66.5,222.7,0,16.6,16.6,6336,2540,3696,153944,0,0.0,0.0,13716071,0,16169,13539283,3,6387,2563
R,heroes,ARM,0.2,7.6,16.9,0,14.2,14.3,9216,3766,5376,63742,0,0.0,0.0,10749584,0,16232,11611400,2,11639,4762
R,heroes_tex,ARM,0.2,5.8,13.7,0,14.2,14.2,7680,3140,4480,46283,0,0.0,0.0,11165379,0,16677,11610380,2,8912,3642
R,heroes_skin,ARM,0.2,5.7,13.6,0,14.5,14.5,7680,3176,4480,48094,0,0.0,0.0,11311059,0,17420,11788534,2,8796,3633
R,heroes_shadow,ARM,0.2,1.7,6.0,0,14.5,14.6,2048,1079,1246,145478,0,0.0,0.0,12205922,0,25028,11853556,1,3140,1525
R,clip,ARM,0.2,219.9,3035.0,1,16.5,16.6,8320,1650,1950,173489,0,0.0,0.0,13947832,0,31957,13505768,4,8794,1723
R,tiny,ARM,0.2,29.8,64.3,0,16.3,16.3,14848,14848,8381,8951,0,0.0,0.0,12571904,0,4794,13272366,2,15267,15267
R,draws,ARM,0.2,832.2,2067.7,0,14.3,14.4,7872,3712,4992,147702,0,0.0,0.0,11085590,0,10095,11675704,3,9986,4475
R,quad_flat,ARM,0.2,16.2,34.3,0,13.8,13.8,26,26,52,748800,0,0.0,0.0,13911614,0,13337,11230771,2,32,32
R,quad_smooth,ARM,0.2,9.7,20.6,0,14.1,14.1,16,16,32,460800,0,0.0,0.0,14742322,0,10541,11484835,2,19,19
R,quad_tex,ARM,0.2,5.9,12.5,0,14.4,14.4,10,10,20,288000,0,0.0,0.0,12854346,0,9881,11763282,1,12,12
R,quad_alpha,ARM,0.2,6.1,12.9,0,16.5,16.5,12,12,24,323120,0,0.0,0.0,14578463,0,10884,13473606,1,12,12
R,quad_screen,ARM,0.2,27.9,59.3,0,13.5,13.5,44,44,88,633600,0,0.0,0.0,12306511,0,22624,11026772,2,56,56
R,quad_texscreen,ARM,0.2,7.3,15.6,0,13.9,13.0,12,12,24,161560,0,0.0,0.0,14754152,0,10232,11376086,2,15,15
R,texswap,ARM,0.2,1042.2,4772.0,1,15.9,15.9,1748,1568,3136,137772,0,0.0,0.0,12171484,0,29954,12938042,4,2084,1844
R,split,ARM,0.2,22.8,49.1,0,16.1,16.2,8448,3283,4928,254939,0,0.0,0.0,12746079,0,19503,13165827,2,8766,3407
R,match,ARM,0.2,-1,6.6,0,17.8,17.9,6272,3442,3542,142521,0,0.0,0.0,14290894,0,31520,14523176,2,5876,3225
R,mix,ARM,0.2,2.0,7.7,0,12.9,12.0,4768,2003,2816,65822,0,0.0,0.0,10280230,0,17566,10491806,1,6290,2656
R,big,ARM,0.2,-1,-1,0,41.8,41.9,24192,18488,12337,158503,0,0.0,0.0,28629356,0,106377,34134048,0,9640,7367
R,big_logic,ARM,0.2,-1,-1,0,46.7,46.8,24192,18488,12337,158503,0,0.0,0.0,33830108,0,106688,38068416,0,8639,6602
R,gpu2d,ARM,0.2,3228.4,6541.0,1,14.7,14.8,576,227,336,43826,0,0.0,0.0,13734231,0,19234,12022283,3,576,227
score 419 (bm3d 6.4 as the games get it, 24 of 24 tests), GPU bm3d 2.1 0, ARM bm3d 0.2 419; 1000: bm3d 2.1 at its best on the Pi Zero W
columns S,driver,version,score,tests,full
S,games,6.4,419,24,1
S,GPU,2.1,0,0,0
S,ARM,0.2,419,24,1
triangles at 60 fps 6290 in the mix (2656 drawn), the most 17141 (spheres_unlit)
total 66 s
