bm report
kind: bench3d
kernel: v0.2.3-52-g2fb7db3
branch: bm3d-driver
board: RGB30
date: 2026-10-06 11:30:21
file: 20261006-113021_bench3d_rgb30_v0.2.3-52-g2fb7db3.txt

bm 3D Bench
kernel v0.2.3-52-g2fb7db3
drivers bm3d 6.6 (M36)
date 2026-10-06 11:29 UTC
machine RGB30, Cortex-A55, the 3D on the ARM (Mali: not tested (Dev > GPU test))
gpu no GPU driver on the RGB30 yet
probes none
counters Cortex-A55 PMU
previous bm/bench/3D0014.TXT
columns R,test,profile,version,n60,n30,over,ms,worst,tris_in,tris,verts,pixels,gltris,jobs,gpu_ms,instr,wait_instr,dmiss,cycles,secs,tris60,drawn60,core_mhz,gpu_mhz
R,spheres,ARM,0.2,156.9,412.3,0,16.6,16.6,14976,6105,8736,152915,0,0.0,0.0,12569463,0,12620,13551388,3,15060,6140,0,0
R,spheres_smooth,ARM,0.2,79.6,298.0,0,15.0,15.0,6336,2540,3696,153944,0,0.0,0.0,12914576,0,14711,12249554,3,7639,3097,0,0
R,spheres_tex,ARM,0.2,26.6,138.9,0,16.5,16.7,2112,825,1232,162937,0,0.0,0.0,13094411,0,25567,13472714,3,2550,1012,0,0
R,spheres_unlit,ARM,0.2,178.9,468.9,0,15.4,15.4,14976,6105,8736,152915,0,0.0,0.0,11873982,0,11880,12546135,3,17178,7010,0,0
R,spheres_baked,ARM,0.2,89.5,377.5,0,16.5,16.6,8448,3443,4928,166485,0,0.0,0.0,14377879,0,11877,13481958,3,8588,3499,0,0
R,spheres_shine,ARM,0.2,66.9,224.3,0,16.5,16.6,6336,2540,3696,153944,0,0.0,0.0,13716075,0,14684,13491544,3,6427,2579,0,0
R,heroes,ARM,0.2,7.6,16.9,0,14.2,14.2,9216,3766,5376,63742,0,0.0,0.0,10749652,0,16547,11602164,2,11673,4776,0,0
R,heroes_tex,ARM,0.2,5.8,13.7,0,14.2,14.2,7680,3140,4480,46283,0,0.0,0.0,11165384,0,16733,11589344,2,8931,3650,0,0
R,heroes_skin,ARM,0.2,5.8,13.7,0,14.4,14.4,7680,3176,4480,48094,0,0.0,0.0,11311064,0,16693,11720588,2,8837,3650,0,0
R,heroes_shadow,ARM,0.2,1.7,6.0,0,14.5,14.6,3584,1835,1246,145478,0,0.0,0.0,12208178,0,24652,11860596,1,5766,2817,0,0
R,clip,ARM,0.2,223.9,3059.6,1,16.5,16.5,8320,1650,1950,173489,0,0.0,0.0,13947911,0,30951,13473724,4,8954,1748,0,0
R,tiny,ARM,0.2,29.6,63.8,0,16.4,16.4,14848,14848,8381,8951,0,0.0,0.0,12571966,0,4691,13338972,2,15175,15175,0,0
R,draws,ARM,0.2,832.6,2065.0,0,14.3,14.4,7872,3712,4992,147702,0,0.0,0.0,11086186,0,10137,11664232,3,9991,4477,0,0
R,quad_flat,ARM,0.2,16.2,34.3,0,13.8,13.8,26,26,52,748800,0,0.0,0.0,13911594,0,13277,11226130,2,32,32,0,0
R,quad_smooth,ARM,0.2,9.7,20.6,0,14.1,14.1,16,16,32,460800,0,0.0,0.0,14742359,0,10348,11480738,2,19,19,0,0
R,quad_tex,ARM,0.2,5.9,12.5,0,14.4,14.4,10,10,20,288000,0,0.0,0.0,12854351,0,10095,11773083,1,12,12,0,0
R,quad_alpha,ARM,0.2,6.1,12.9,0,16.5,16.5,12,12,24,323120,0,0.0,0.0,14578500,0,11410,13491176,1,12,12,0,0
R,quad_screen,ARM,0.2,27.9,59.3,0,13.5,13.6,44,44,88,633600,0,0.0,0.0,12306534,0,22775,11036958,2,56,56,0,0
R,quad_texscreen,ARM,0.2,7.3,15.6,0,13.0,14.0,12,12,24,161560,0,0.0,0.0,14754158,0,11142,11414171,2,15,15,0,0
R,texswap,ARM,0.2,1026.5,4757.6,1,15.9,15.0,1748,1568,3136,137772,0,0.0,0.0,12172331,0,31558,12998480,4,2053,1818,0,0
R,split,ARM,0.2,22.9,49.1,0,16.1,16.1,8448,3283,4928,254939,0,0.0,0.0,12746136,0,19471,13144647,2,8785,3414,0,0
R,match,ARM,0.2,-1,6.6,0,17.7,17.8,7808,4198,3542,142521,0,0.0,0.0,14293176,0,30304,14489271,2,7335,3944,0,0
R,mix,ARM,0.2,2.9,7.7,0,12.9,13.1,7840,3515,2816,65822,0,0.0,0.0,10284815,0,17932,10546542,1,10802,4878,0,0
R,big,ARM,0.2,-1,-1,0,41.7,41.8,24192,18488,12337,158503,0,0.0,0.0,28629356,0,104183,34033464,0,9667,7388,0,0
R,big_logic,ARM,0.2,-1,-1,0,46.5,46.6,24192,18488,12337,158503,0,0.0,0.0,33830112,0,104111,37933432,0,8673,6628,0,0
R,gpu2d,ARM,0.2,3221.6,6541.0,1,14.7,14.8,576,227,336,43826,0,0.0,0.0,13734238,0,19940,12031536,3,576,227,0,0
score 419 (bm3d 6.6 as the games get it, 24 of 24 tests), GPU bm3d 2.1 0, ARM bm3d 0.2 419; 1000: bm3d 2.1 at its best on the Pi Zero W
columns S,driver,version,score,tests,full
S,games,6.6,419,24,1
S,GPU,2.1,0,0,0
S,ARM,0.2,419,24,1
triangles at 60 fps 10802 in the mix (4878 drawn), the most 17178 (spheres_unlit)
total 66 s
