bm report
kind: bench3d
kernel: v0.2.3-48-gf55ec9c
branch: bm3d-driver
board: RGB30
date: 2026-10-06 08:19:58
file: 20261006-081958_bench3d_rgb30_v0.2.3-48-gf55ec9c.txt

bm 3D Bench
kernel v0.2.3-48-gf55ec9c
drivers bm3d 6.4 (M41)
date 2026-10-06 08:18 UTC
machine RGB30, Cortex-A55, the 3D on the ARM (Mali: not tested (Dev > GPU test))
gpu no GPU driver on the RGB30 yet
probes none
counters Cortex-A55 PMU
previous bm/bench/3D0011.TXT
columns R,test,profile,version,n60,n30,over,ms,worst,tris_in,tris,verts,pixels,gltris,jobs,gpu_ms,instr,wait_instr,dmiss,cycles,secs
R,spheres,ARM,0.2,157.2,413.0,0,16.6,16.6,14976,6105,8736,152915,0,0.0,0.0,12569275,0,12439,13533998,3
R,spheres_smooth,ARM,0.2,79.7,300.8,0,14.0,15.0,6336,2540,3696,153944,0,0.0,0.0,12914510,0,14928,12230598,3
R,spheres_tex,ARM,0.2,26.8,139.0,0,16.5,16.7,2112,825,1232,162937,0,0.0,0.0,13094390,0,25177,13467354,3
R,spheres_unlit,ARM,0.2,179.1,469.0,0,15.4,15.4,14976,6105,8736,152915,0,0.0,0.0,11873792,0,11765,12539304,3
R,spheres_baked,ARM,0.2,89.7,378.5,0,16.5,16.5,8448,3443,4928,166485,0,0.0,0.0,14377727,0,11826,13460450,3
R,spheres_shine,ARM,0.2,66.0,224.7,0,16.5,16.5,6336,2540,3696,153944,0,0.0,0.0,13716074,0,14865,13483195,3
R,heroes,ARM,0.2,7.6,16.0,0,14.2,14.2,9216,3766,5376,63742,0,0.0,0.0,10749584,0,16697,11585256,2
R,heroes_tex,ARM,0.2,5.8,13.7,0,14.2,14.3,7680,3140,4480,46283,0,0.0,0.0,11165379,0,16958,11614714,2
R,heroes_skin,ARM,0.2,5.7,13.6,0,14.5,14.5,7680,3176,4480,48094,0,0.0,0.0,11311059,0,18705,11801548,2
R,heroes_shadow,ARM,0.2,1.7,7.0,0,14.5,14.5,2048,1079,1246,145478,0,0.0,0.0,12205952,0,24683,11825038,1
R,clip,ARM,0.2,222.1,3058.6,1,16.5,16.5,8320,1650,1950,173489,0,0.0,0.0,13947832,0,31336,13484720,4
R,tiny,ARM,0.2,29.8,64.3,0,16.3,16.3,14848,14848,8381,8951,0,0.0,0.0,12571904,0,5086,13271968,2
R,draws,ARM,0.2,833.9,2069.0,0,14.3,14.4,7872,3712,4992,147702,0,0.0,0.0,11085593,0,10112,11653464,3
R,quad_flat,ARM,0.2,16.2,34.3,0,13.8,13.8,26,26,52,748800,0,0.0,0.0,13911584,0,13206,11230760,2
R,quad_smooth,ARM,0.2,9.7,20.6,0,14.1,14.1,16,16,32,460800,0,0.0,0.0,14742354,0,10382,11481595,2
R,quad_tex,ARM,0.2,5.9,12.5,0,14.4,14.4,10,10,20,288000,0,0.0,0.0,12854280,0,9419,11747195,1
R,quad_alpha,ARM,0.2,6.1,12.9,0,16.4,16.5,12,12,24,323120,0,0.0,0.0,14578432,0,9369,13420982,1
R,quad_screen,ARM,0.2,27.9,59.3,0,13.5,13.5,44,44,88,633600,0,0.0,0.0,12306446,0,22701,11033664,2
R,quad_texscreen,ARM,0.2,7.4,15.7,0,13.9,13.9,12,12,24,161560,0,0.0,0.0,14754090,0,9131,11342790,2
R,texswap,ARM,0.2,1044.4,4776.7,1,15.8,15.9,1748,1568,3136,137772,0,0.0,0.0,12171515,0,29146,12923772,4
R,split,ARM,0.2,22.9,49.1,0,16.1,16.1,8448,3283,4928,254939,0,0.0,0.0,12746110,0,19269,13145207,2
R,match,ARM,0.2,-1,6.7,0,17.7,17.8,6272,3442,3542,142521,0,0.0,0.0,14290827,0,30713,14473662,2
R,big,ARM,0.2,-1,-1,0,41.8,41.8,24192,18488,12337,158503,0,0.0,0.0,28629352,0,104362,34073936,0
R,big_logic,ARM,0.2,-1,-1,0,46.5,46.7,24192,18488,12337,158503,0,0.0,0.0,33830296,0,104535,37977768,0
R,gpu2d,ARM,0.2,3265.9,6541.0,1,14.6,14.9,576,227,336,43826,0,0.0,0.0,13687284,0,18554,11940262,3
total 64 s
