bm report
kind: bench3d
kernel: v0.2.3-14-gc1bfb50
branch: bm3d-driver
board: Pi Zero W
date: 2026-10-05 16:22:44
file: 20261005-162244_bench3d_pi-zero-w_v0.2.3-14-gc1bfb50.txt

bm 3D Bench
kernel v0.2.3-14-gc1bfb50
drivers bm3d 6.1 (M41)
date 2026-10-05 16:21 UTC
machine ARM 1000 MHz, core 250, V3D 250, SDRAM 400 MHz, 51.9 C, throttled 00000
gpu the GPU did not finish a frame (registers in the log)
probes vertex shader probe (VPM in bytes): 0000 0000 0000 0000 (clockwise bit 0); vertex shader probe (VPM in words): 0000 0000 0000 0000 (clockwise bit 0)
counters ARM1176 PMU
previous bm/bench/3D0002.TXT
columns R,test,profile,version,n60,n30,over,ms,worst,tris_in,tris,verts,pixels,gltris,jobs,gpu_ms,instr,wait_instr,dmiss,cycles,secs
R,spheres,ARM,0.2,72.9,207.5,0,15.6,15.6,6336,2540,3696,137295,0,0.0,0.0,6435068,0,167487,15598159,2
R,spheres_smooth,ARM,0.2,21.8,102.6,0,13.5,13.7,1632,640,952,131040,0,0.0,0.0,6695416,0,148189,13511176,2
R,spheres_tex,ARM,0.2,-1,53.7,0,15.8,15.9,576,213,336,119532,0,0.0,0.0,7858100,0,145962,15754019,2
R,spheres_unlit,ARM,0.2,78.9,229.1,0,14.8,14.9,6336,2540,3696,137295,0,0.0,0.0,6112800,0,166846,14815818,2
R,spheres_baked,ARM,0.2,26.1,111.1,0,16.3,16.5,2112,824,1232,169127,0,0.0,0.0,8362684,0,144269,16253446,2
R,spheres_shine,ARM,0.2,20.5,86.3,0,14.2,14.4,1632,640,952,131040,0,0.0,0.0,6901765,0,146190,14217467,2
R,heroes,ARM,0.2,3.9,8.5,0,12.6,12.7,4608,1885,2688,21260,0,0.0,0.0,4528315,0,186440,12638822,1
R,heroes_tex,ARM,0.2,3.4,6.7,0,14.1,14.2,4608,1885,2688,19668,0,0.0,0.0,5467578,0,203912,14146252,1
R,heroes_skin,ARM,0.2,3.4,6.5,0,14.5,14.6,4608,1906,2688,21083,0,0.0,0.0,5608541,0,205283,14459404,1
R,heroes_shadow,ARM,0.2,-1,2.5,0,24.5,24.5,2048,1079,1246,145478,0,0.0,0.0,11214155,0,226271,24484310,0
R,clip,ARM,0.2,17.8,608.5,0,16.2,16.3,672,184,225,120893,0,0.0,0.0,8038895,0,150552,16208955,3
R,tiny,ARM,0.2,14.7,31.7,0,14.9,14.0,6656,6656,3757,4012,0,0.0,0.0,5935172,0,228819,14877850,1
R,draws,ARM,0.2,481.6,1524.6,0,14.6,14.8,4428,2066,2792,143489,0,0.0,0.0,5668053,0,180262,14613992,2
R,quad_flat,ARM,0.2,11.7,24.8,0,14.6,14.7,20,20,40,576000,0,0.0,0.0,6428617,0,158210,14645598,1
R,quad_smooth,ARM,0.2,6.2,13.4,0,16.1,16.1,12,12,24,345600,0,0.0,0.0,9249116,0,142490,16096247,1
R,quad_tex,ARM,0.2,3.4,7.4,0,14.8,14.8,6,6,12,172800,0,0.0,0.0,7422970,0,135326,14789998,1
R,quad_alpha,ARM,0.2,3.5,7.6,0,14.5,14.5,6,6,12,161520,0,0.0,0.0,7196339,0,135556,14479844,1
R,quad_screen,ARM,0.2,14.2,30.0,0,15.4,15.4,26,26,52,374400,0,0.0,0.0,4538035,0,170877,15370299,1
R,quad_texscreen,ARM,0.2,2.0,6.4,0,11.8,11.8,4,4,8,53880,0,0.0,0.0,5984122,0,128717,11795355,1
R,texswap,ARM,0.2,88.4,1305.5,0,16.7,16.7,176,176,352,128109,0,0.0,0.0,6970811,0,183640,16650191,3
R,split,ARM,0.2,14.2,30.5,0,15.4,15.5,4992,1950,2912,188870,0,0.0,0.0,6437852,0,169773,15415152,1
R,match,ARM,0.2,-1,1.4,0,30.9,30.9,6272,3442,3542,142521,0,0.0,0.0,13667079,0,280200,30882892,0
R,big,ARM,0.2,-1,-1,0,80.8,80.0,24192,18488,12337,158503,0,0.0,0.0,31035310,0,711458,80814800,0
R,big_logic,ARM,0.2,-1,-1,0,87.4,87.5,24192,18488,12337,158503,0,0.0,0.0,36253628,0,708124,87357024,0
R,gpu2d,ARM,0.2,1644.9,3879.0,0,15.0,16.0,576,226,336,43826,0,0.0,0.0,9100990,0,168083,15982907,2
total 44 s
