bm report
kind: bench3d
kernel: v0.2.3-17-gb245a4e
branch: bm3d-driver
board: Pi Zero W
date: 2026-10-05 19:37:02
file: 20261005-193702_bench3d_pi-zero-w_v0.2.3-17-gb245a4e.txt

bm 3D Bench
kernel v0.2.3-17-gb245a4e
drivers bm3d 6.2 (M41)
date 2026-10-05 19:34 UTC
machine ARM 1000 MHz, core 250, V3D 250, SDRAM 400 MHz, 41.1 C, throttled 00000
gpu bm3d 6.2 ready (byte a = red, texels in place, textures in tiles, MSAA on any page, 16-bit textures yes, two-thread shaders yes, vertex shader no, indexed no, clipping no, lit models no, queue yes, zclear in job yes)
probes vertex shader probe (VPM in bytes): 0000 0000 0000 0000 (clockwise bit 0); vertex shader probe (VPM in words): 0000 0000 0000 0000 (clockwise bit 0)
counters ARM1176 PMU
previous bm/bench/3D0003.TXT
columns R,test,profile,version,n60,n30,over,ms,worst,tris_in,tris,verts,pixels,gltris,jobs,gpu_ms,instr,wait_instr,dmiss,cycles,secs
R,spheres,ARM,0.2,72.7,208.0,0,15.6,15.7,6336,2540,3696,137295,0,0.0,0.0,6435068,0,166715,15636847,2
R,spheres,GPU,2.1,197.7,425.1,0,13.8,13.9,14976,6103,8736,0,0,1.0,2.8,5850131,316368,208336,13848064,1
R,spheres,GPU+AA,2.1,183.6,418.1,0,14.7,14.8,14976,6103,8736,0,0,1.0,3.7,5970079,413338,210359,14710859,1
R,spheres,GPU+WC,4.5,202.8,425.1,0,13.2,13.2,14976,6103,8736,0,0,1.0,2.2,5778165,240245,54813,13192454,1
R,spheres_smooth,ARM,0.2,21.7,100.5,0,13.6,13.8,1632,640,952,131040,0,0.0,0.0,6695416,0,147678,13558348,2
R,spheres_smooth,GPU,2.1,150.9,316.0,0,13.2,13.2,11232,4560,6552,0,0,1.0,1.7,5377821,186283,179222,13212896,1
R,spheres_tex,ARM,0.2,-1,54.1,0,15.8,15.0,576,213,336,119532,0,0.0,0.0,7858095,0,143518,15846903,2
R,spheres_tex,GPU,2.1,161.4,339.3,0,16.2,16.2,14976,6103,8736,0,0,1.0,2.2,6867028,245957,221649,16168702,1
R,spheres_tex,GPU+T16,5.2,161.8,340.3,0,16.1,16.2,14976,6103,8736,0,0,1.0,2.2,6866865,241608,220826,16127726,1
R,spheres_tex,GPU+FS2,5.3,161.9,340.2,0,16.1,16.2,14976,6103,8736,0,0,1.0,2.2,6864989,246152,220941,16118006,1
R,spheres_unlit,ARM,0.2,78.6,228.6,0,14.9,14.9,6336,2540,3696,137295,0,0.0,0.0,6112767,0,165762,14887544,2
R,spheres_unlit,GPU,2.1,237.9,498.9,0,14.8,14.8,19968,8156,11648,0,0,1.0,2.8,6554730,312908,269911,14750168,1
R,spheres_baked,ARM,0.2,25.8,110.5,0,16.3,16.5,2112,824,1232,169127,0,0.0,0.0,8364823,0,144913,16260836,2
R,spheres_baked,GPU,2.1,192.2,402.0,0,13.8,13.9,14976,6103,8736,0,0,1.0,2.2,6156790,243347,179148,13837470,1
R,spheres_shine,ARM,0.2,20.5,86.1,0,14.2,14.4,1632,640,952,131040,0,0.0,0.0,6901699,0,146729,14196728,2
R,spheres_shine,GPU,2.1,110.0,232.5,0,13.6,13.7,8448,3443,4928,0,0,1.0,1.3,5227365,145451,141197,13635667,1
R,heroes,ARM,0.2,3.9,8.5,0,12.7,12.7,4608,1885,2688,21260,0,0.0,0.0,4528315,0,186752,12659660,1
R,heroes,GPU,2.1,6.2,13.4,0,16.1,16.1,9216,3767,5376,0,0,1.0,1.2,5721431,132932,198931,16114123,1
R,heroes,GPU+WC,4.5,6.2,13.4,0,16.1,16.2,9216,3767,5376,0,0,1.0,1.2,5721280,132748,94703,16124871,1
R,heroes_tex,ARM,0.2,3.5,6.7,0,14.1,14.2,4608,1885,2688,19668,0,0.0,0.0,5469660,0,196855,14067307,1
R,heroes_tex,GPU,2.1,6.9,14.9,0,14.8,14.8,9216,3767,5376,0,0,1.0,1.2,5171654,137900,229252,14768038,1
R,heroes_tex,GPU+T16,5.2,6.9,14.9,0,14.7,14.8,9216,3767,5376,0,0,1.0,1.2,5169638,135884,229318,14745987,1
R,heroes_tex,GPU+FS2,5.3,6.9,14.9,0,14.8,14.8,9216,3767,5376,0,0,1.0,1.2,5172108,138446,229336,14753099,1
R,heroes_skin,ARM,0.2,3.4,6.6,0,14.4,14.5,4608,1906,2688,21083,0,0.0,0.0,5604389,0,196383,14350430,1
R,heroes_skin,GPU,2.1,6.8,14.7,0,14.9,14.0,9216,3805,5376,0,0,1.0,1.3,5215217,139909,230790,14948662,1
R,heroes_shadow,ARM,0.2,-1,2.5,0,24.4,24.4,2048,1079,1246,145478,0,0.0,0.0,11214083,0,222763,24388086,0
R,heroes_shadow,GPU,2.1,3.4,7.9,0,15.3,15.4,5120,2333,3038,0,0,1.0,1.9,5147243,206827,222686,15317584,1
R,clip,ARM,0.2,17.8,624.6,0,16.2,16.3,672,184,225,120893,0,0.0,0.0,8041071,0,149380,16194296,3
R,clip,GPU,2.1,801.9,1845.0,0,14.3,14.4,26240,4141,4895,0,0,1.0,1.0,5478059,219458,201917,14275374,1
R,tiny,ARM,0.2,14.7,31.8,0,14.9,14.9,6656,6656,3757,4012,0,0.0,0.0,5935171,0,219235,14862078,1
R,tiny,GPU,2.1,19.6,41.4,0,14.8,14.8,8704,8704,4913,0,0,1.0,2.6,6384329,292573,296117,14751604,1
R,draws,ARM,0.2,471.1,1477.8,0,14.7,14.9,4428,2066,2792,143489,0,0.0,0.0,5666043,0,175081,14694031,2
R,draws,GPU,2.1,1170.8,2542.2,0,16.6,16.7,13980,6083,8184,0,0,1.0,2.1,6831723,230910,223818,16591188,1
R,draws,GPU+WC,4.5,1171.0,2541.8,0,16.6,16.7,13980,6083,8184,0,0,1.0,2.1,6830921,230042,69885,16588602,1
R,quad_flat,ARM,0.2,11.9,25.2,0,14.5,14.5,20,20,40,576000,0,0.0,0.0,6424432,0,156296,14449735,1
R,quad_flat,GPU,2.1,94.6,198.8,0,15.6,15.6,176,176,352,0,0,1.0,13.8,2052515,1559519,35171,15609894,1
R,quad_flat,GPU+AA,2.1,93.2,196.3,0,15.8,15.8,176,176,352,0,0,1.0,13.9,2094608,1578405,36796,15814690,1
R,quad_smooth,ARM,0.2,6.2,13.3,0,16.2,16.2,12,12,24,345600,0,0.0,0.0,9247072,0,141189,16200978,1
R,quad_smooth,GPU,2.1,171.2,359.9,0,15.3,15.3,312,312,624,0,0,1.0,12.8,2204093,1450131,44821,15322940,1
R,quad_tex,ARM,0.2,3.5,7.4,0,14.7,14.8,6,6,12,172800,0,0.0,0.0,7422937,0,134752,14738611,1
R,quad_tex,GPU,2.1,111.3,235.0,0,13.5,13.6,176,176,352,0,0,1.0,11.6,1840140,1311685,34884,13520538,1
R,quad_tex,GPU+WC,4.5,111.3,234.0,0,13.5,13.6,176,176,352,0,0,1.0,11.6,1838433,1309978,5973,13520512,1
R,quad_tex,GPU+T16,5.2,112.4,236.7,0,13.4,13.4,176,176,352,0,0,1.0,11.5,1827320,1300942,34914,13395779,1
R,quad_tex,GPU+FS2,5.3,148.3,313.4,0,13.5,13.5,234,234,468,0,0,1.0,11.4,1904820,1288748,37467,13495806,1
R,quad_alpha,ARM,0.2,3.6,7.6,0,14.4,14.4,6,6,12,161520,0,0.0,0.0,7200558,0,134804,14390454,1
R,quad_alpha,GPU,2.1,105.1,221.9,0,14.2,14.3,176,176,352,0,0,1.0,12.3,1919202,1389516,34803,14220584,1
R,quad_screen,ARM,0.2,14.5,30.6,0,15.1,15.2,26,26,52,374400,0,0.0,0.0,4537901,0,168678,15114627,1
R,quad_screen,GPU,2.1,160.5,337.5,0,16.2,16.3,312,312,624,0,0,1.0,14.1,2264947,1591308,41225,16240255,1
R,quad_texscreen,ARM,0.2,3.0,6.5,0,16.6,16.7,6,6,12,80760,0,0.0,0.0,8766113,0,135292,16606091,1
R,quad_texscreen,GPU,2.1,102.2,215.5,0,14.6,14.6,176,176,352,0,0,1.0,12.7,1960968,1431631,35129,14574352,1
R,texswap,ARM,0.2,89.0,1290.1,0,16.6,16.7,176,176,352,128109,0,0.0,0.0,6970811,0,180963,16624299,3
R,texswap,GPU,2.1,1466.7,3914.9,0,14.2,14.3,2330,2046,4092,0,0,1.0,5.3,4450916,599201,139258,14235071,1
R,split,ARM,0.2,14.2,30.5,0,15.4,15.5,4992,1950,2912,188870,0,0.0,0.0,6440029,0,183161,15423044,1
R,split,GPU,2.1,5.4,10.6,0,15.2,15.3,1920,748,1120,0,0,5.0,11.3,2430168,1197716,163291,15219888,1
R,split,GPU+Q,4.1,5.4,10.6,0,15.2,15.2,1920,748,1120,0,0,5.0,11.2,2442881,1212529,163437,15199259,1
R,split,GPU+2D,4.8,45.8,98.0,0,14.2,14.7,14592,5669,8512,0,0,1.0,3.6,5676365,396077,201542,14186399,1
R,match,ARM,0.2,-1,1.5,0,30.7,30.8,6272,3442,3542,142521,0,0.0,0.0,13664964,0,287453,30743446,0
R,match,GPU,2.1,-1,5.2,0,17.2,17.3,6272,3443,3542,0,0,2.0,2.3,5807561,260128,227542,17226416,1
R,match,GPU+AA,2.1,-1,5.1,0,17.9,17.0,6272,3443,3542,0,0,2.0,2.9,5905151,301154,233094,17886080,1
R,match,GPU+Q,4.1,-1,5.3,0,17.4,17.5,6272,3443,3542,0,0,1.0,3.0,5831168,339363,202667,17412512,1
R,match,GPU+WC,4.5,-1,5.2,0,17.2,17.3,6272,3443,3542,0,0,2.0,2.3,5806457,263312,54462,17208092,1
R,match,GPU+2D,4.8,-1,5.2,0,17.4,17.6,6272,3443,3542,0,0,2.0,2.5,5798780,260024,229032,17356442,1
R,match,GPU+T16,5.2,-1,5.3,0,17.3,17.3,6272,3443,3542,0,0,2.0,2.4,5808399,260967,227653,17299654,1
R,match,GPU+FS2,5.3,-1,5.2,0,17.2,17.3,6272,3443,3542,0,0,2.0,2.3,5794479,249023,228418,17204648,1
R,queue,GPU,2.1,88.9,262.2,0,16.6,16.6,8448,3443,4928,0,0,1.0,1.3,9344031,147686,142102,16585968,2
R,queue,GPU+Q,4.1,104.8,302.7,0,15.3,15.3,8448,3443,4928,0,0,1.0,6.6,9198633,60,143114,15287427,2
R,big,ARM,0.2,-1,-1,0,79.9,80.1,24192,18488,12337,158503,0,0.0,0.0,31033004,0,678356,79890632,0
R,big,GPU,2.1,-1,-1,0,57.7,57.8,24192,18487,12337,0,0,1.0,6.5,20674126,733241,898801,57738560,0
R,big,GPU+Q,4.1,-1,-1,0,57.7,57.8,24192,18487,12337,0,0,1.0,6.5,20676348,730956,899077,57746824,0
R,big_logic,ARM,0.2,-1,-1,0,86.4,86.6,24192,18488,12337,158503,0,0.0,0.0,36251388,0,680367,86440296,0
R,big_logic,GPU,2.1,-1,-1,0,64.3,64.3,24192,18487,12337,0,0,1.0,6.5,25890976,731984,899980,64291512,0
R,big_logic,GPU+Q,4.1,-1,-1,0,57.8,57.8,24192,18487,12337,0,0,1.0,6.6,25159344,60,898988,57794024,0
R,gpu2d,ARM,0.2,1650.5,3885.1,0,15.9,16.0,576,226,336,43826,0,0.0,0.0,9100956,0,165788,15941823,1
R,gpu2d,GPU,2.1,1942.9,4171.1,0,13.7,13.8,576,226,336,0,0,1.0,0.3,8245254,34393,74270,13739218,1
R,gpu2d,GPU+2D,4.8,2198.9,4737.0,0,15.8,16.7,576,226,336,0,0,1.0,8.9,4972120,1002242,429442,15817955,1
R,bilinear,GPU,2.1,109.7,231.4,0,13.7,13.7,176,176,352,0,0,1.0,11.8,1857255,1330943,34741,13687159,1
total 125 s
