bm report
kind: bench3d
kernel: v0.2.3-43-gebc152e
branch: bm3d-driver
board: RGB30
date: 2026-10-05 21:32:28
file: 20261005-213228_bench3d_rgb30_v0.2.3-43-gebc152e.txt

bm 3D Bench
kernel v0.2.3-43-gebc152e
drivers bm3d 6.2 (M41)
date 2026-10-05 21:29 UTC
machine RGB30, Cortex-A55, the 3D on the ARM (Mali: not tested (Dev > GPU test))
gpu no GPU driver on the RGB30 yet
probes none
counters Cortex-A55 PMU
previous bm/bench/3D0009.TXT
columns R,test,profile,version,n60,n30,over,ms,worst,tris_in,tris,verts,pixels,gltris,jobs,gpu_ms,instr,wait_instr,dmiss,cycles,secs
R,spheres,ARM,0.2,157.3,412.0,0,16.6,16.6,14976,6105,8736,152915,0,0.0,0.0,12569304,0,12450,13534288,3
R,spheres_smooth,ARM,0.2,79.7,300.7,0,14.0,15.0,6336,2540,3696,153944,0,0.0,0.0,12914507,0,14980,12236246,3
R,spheres_tex,ARM,0.2,26.9,139.0,0,16.5,16.7,2112,825,1232,162937,0,0.0,0.0,13094388,0,25209,13466342,3
R,spheres_unlit,ARM,0.2,179.1,468.0,0,15.4,15.4,14976,6105,8736,152915,0,0.0,0.0,11873826,0,11708,12537352,3
R,spheres_baked,ARM,0.2,89.7,378.4,0,16.5,16.5,8448,3443,4928,166485,0,0.0,0.0,14377792,0,11915,13463016,3
R,spheres_shine,ARM,0.2,66.9,224.7,0,16.5,16.6,6336,2540,3696,153944,0,0.0,0.0,13716011,0,15032,13490235,3
R,heroes,ARM,0.2,7.6,16.9,0,14.2,14.2,9216,3766,5376,63742,0,0.0,0.0,10749646,0,17031,11605408,2
R,heroes_tex,ARM,0.2,5.8,13.7,0,14.2,14.2,7680,3140,4480,46283,0,0.0,0.0,11165379,0,16735,11601562,2
R,heroes_skin,ARM,0.2,5.7,13.6,0,14.4,14.5,7680,3176,4480,48094,0,0.0,0.0,11311090,0,17956,11777836,2
R,heroes_shadow,ARM,0.2,1.7,7.0,0,14.5,14.5,2048,1079,1246,145478,0,0.0,0.0,12205922,0,24554,11815974,1
R,clip,ARM,0.2,221.4,3048.9,1,16.5,16.6,8320,1650,1950,173489,0,0.0,0.0,13947832,0,31676,13496292,4
R,tiny,ARM,0.2,29.8,64.2,0,16.3,16.3,14848,14848,8381,8951,0,0.0,0.0,12571904,0,5021,13273156,2
R,draws,ARM,0.2,833.8,2068.9,0,14.3,14.4,7872,3712,4992,147702,0,0.0,0.0,11085559,0,9990,11653823,3
R,quad_flat,ARM,0.2,16.2,34.3,0,13.8,13.8,26,26,52,748800,0,0.0,0.0,13911612,0,13176,11230522,2
R,quad_smooth,ARM,0.2,9.7,20.6,0,14.1,14.1,16,16,32,460800,0,0.0,0.0,14742384,0,10488,11485518,2
R,quad_tex,ARM,0.2,5.9,12.5,0,14.4,14.4,10,10,20,288000,0,0.0,0.0,12854346,0,9412,11747547,1
R,quad_alpha,ARM,0.2,6.1,12.9,0,16.5,16.5,12,12,24,323120,0,0.0,0.0,14578495,0,9426,13424000,1
R,quad_screen,ARM,0.2,27.9,59.3,0,13.5,13.5,44,44,88,633600,0,0.0,0.0,12306479,0,22859,11037797,2
R,quad_texscreen,ARM,0.2,7.4,15.7,0,13.9,13.9,12,12,24,161560,0,0.0,0.0,14754152,0,9253,11350226,2
R,texswap,ARM,0.2,1041.7,4771.3,1,15.9,15.9,1748,1568,3136,137772,0,0.0,0.0,12171547,0,29386,12933400,4
R,split,ARM,0.2,22.9,49.2,0,16.1,16.1,8448,3283,4928,254939,0,0.0,0.0,12746048,0,19221,13141612,2
R,match,ARM,0.2,-1,6.7,0,17.7,17.9,6272,3442,3542,142521,0,0.0,0.0,14290862,0,31267,14492151,2
R,big,ARM,0.2,-1,-1,0,41.8,41.8,24192,18488,12337,158503,0,0.0,0.0,28629352,0,105324,34086060,0
R,big_logic,ARM,0.2,-1,-1,0,46.6,46.6,24192,18488,12337,158503,0,0.0,0.0,33830112,0,105316,37999772,0
R,gpu2d,ARM,0.2,3266.4,6541.0,1,14.6,14.9,576,227,336,43826,0,0.0,0.0,13687222,0,19166,11939698,3
total 64 s
