bm report
kind: bench3d
kernel: v0.2.3-42-g6702c9a
branch: bm3d-driver
board: Pi Zero W
date: 2026-10-05 21:10:28
file: 20261005-211028_bench3d_pi-zero-w_v0.2.3-42-g6702c9a.txt

bm 3D Bench
kernel v0.2.3-42-g6702c9a
drivers bm3d 6.2 (M41)
date 2026-10-05 21:08 UTC
machine ARM 1000 MHz, core 250, V3D 250, SDRAM 400 MHz, 42.2 C, throttled 00000
gpu bm3d 6.2 ready (byte a = red, texels in place, textures in tiles, MSAA on any page, 16-bit textures yes, two-thread shaders yes, vertex shader no, indexed no, clipping no, lit models no, queue yes, zclear in job yes)
probes vertex shader probe (VPM in bytes): 0000 0000 0000 0000 (clockwise bit 0); vertex shader probe (VPM in words): 0000 0000 0000 0000 (clockwise bit 0)
counters ARM1176 PMU
previous bm/bench/3D0004.TXT
columns R,test,profile,version,n60,n30,over,ms,worst,tris_in,tris,verts,pixels,gltris,jobs,gpu_ms,instr,wait_instr,dmiss,cycles,secs
R,spheres,ARM,0.2,72.5,206.3,0,15.7,15.7,6336,2540,3696,137295,0,0.0,0.0,6435097,0,170024,15660355,2
R,spheres,GPU,2.1,204.5,429.7,0,13.2,13.2,14976,6103,8736,0,0,1.0,2.2,5784068,250401,207541,13172434,1
R,spheres,GPU+AA,2.1,199.4,426.0,0,13.7,13.7,14976,6103,8736,0,0,1.0,2.7,5860939,304097,209374,13679268,1
R,spheres,GPU+WC,4.5,204.6,429.6,0,13.1,13.1,14976,6103,8736,0,0,1.0,2.2,5777071,243442,53679,13107107,1
R,spheres_smooth,ARM,0.2,21.6,100.9,0,13.6,13.7,1632,640,952,131040,0,0.0,0.0,6691163,0,148981,13588179,2
R,spheres_smooth,GPU,2.1,156.0,329.8,0,16.6,16.6,14976,6103,8736,0,0,1.0,2.2,7095723,242110,216968,16573299,1
R,spheres_tex,ARM,0.2,-1,54.0,0,15.8,15.0,576,213,336,119532,0,0.0,0.0,7858100,0,144778,15844248,2
R,spheres_tex,GPU,2.1,161.8,340.4,0,16.1,16.2,14976,6103,8736,0,0,1.0,2.2,6869889,242556,214856,16126314,1
R,spheres_tex,GPU+T16,5.2,160.3,336.9,0,16.3,16.3,14976,6103,8736,0,0,1.0,2.2,6864111,243106,220230,16260676,1
R,spheres_tex,GPU+FS2,5.3,160.2,336.7,0,16.3,16.3,14976,6103,8736,0,0,1.0,2.2,6864927,246091,219985,16272514,1
R,spheres_unlit,ARM,0.2,78.6,228.1,0,14.9,14.9,6336,2540,3696,137295,0,0.0,0.0,6110623,0,167801,14855460,2
R,spheres_unlit,GPU,2.1,238.7,501.8,0,14.7,14.7,19968,8156,11648,0,0,1.0,2.8,6553756,311900,268801,14715939,1
R,spheres_baked,ARM,0.2,25.3,110.2,0,16.3,16.5,2112,824,1232,169127,0,0.0,0.0,8364827,0,147396,16333516,2
R,spheres_baked,GPU,2.1,191.9,402.9,0,13.9,13.9,14976,6103,8736,0,0,1.0,2.2,6155378,243778,179045,13869534,1
R,spheres_shine,ARM,0.2,20.4,85.2,0,14.3,14.5,1632,640,952,131040,0,0.0,0.0,6901760,0,148668,14289859,2
R,spheres_shine,GPU,2.1,110.5,231.6,0,13.7,13.7,8448,3443,4928,0,0,1.0,1.3,5226459,146654,140778,13679264,1
R,heroes,ARM,0.2,3.9,8.4,0,12.7,12.8,4608,1885,2688,21260,0,0.0,0.0,4530591,0,190314,12745983,1
R,heroes,GPU,2.1,6.1,13.1,0,16.4,16.5,9216,3767,5376,0,0,1.0,1.2,5721497,132999,204331,16439131,1
R,heroes,GPU+WC,4.5,6.1,13.1,0,16.4,16.5,9216,3767,5376,0,0,1.0,1.2,5721312,130670,99664,16446434,1
R,heroes_tex,ARM,0.2,3.4,6.6,0,14.2,14.3,4608,1885,2688,19668,0,0.0,0.0,5469660,0,198541,14196544,1
R,heroes_tex,GPU,2.1,6.5,13.0,0,15.5,15.6,9216,3767,5376,0,0,1.0,1.2,5175816,135666,234539,15515336,1
R,heroes_tex,GPU+T16,5.2,6.5,13.0,0,15.5,15.5,9216,3767,5376,0,0,1.0,1.2,5166901,133248,234256,15458018,1
R,heroes_tex,GPU+FS2,5.3,6.5,13.0,0,15.5,15.5,9216,3767,5376,0,0,1.0,1.2,5168244,136658,234184,15490375,1
R,heroes_skin,ARM,0.2,3.4,6.5,0,14.4,14.5,4608,1906,2688,21083,0,0.0,0.0,5606498,0,199236,14412976,1
R,heroes_skin,GPU,2.1,6.8,14.5,0,15.0,15.1,9216,3805,5376,0,0,1.0,1.2,5211757,138492,235671,15035059,1
R,heroes_shadow,ARM,0.2,-1,2.5,0,24.5,24.6,2048,1079,1246,145478,0,0.0,0.0,11214122,0,227366,24515580,0
R,heroes_shadow,GPU,2.1,3.2,7.7,0,15.8,15.8,5120,2333,3038,0,0,1.0,2.2,5189617,242772,226073,15756814,1
R,clip,ARM,0.2,17.8,610.3,0,16.2,16.3,672,184,225,120893,0,0.0,0.0,8038929,0,150574,16211815,3
R,clip,GPU,2.1,764.0,1801.4,0,14.9,15.0,26240,4141,4895,0,0,1.0,2.5,5544978,284472,205637,14866560,2
R,tiny,ARM,0.2,14.7,31.8,0,14.9,14.0,6656,6656,3757,4012,0,0.0,0.0,5933023,0,216939,14864420,1
R,tiny,GPU,2.1,19.3,40.9,0,14.9,14.0,8704,8704,4913,0,0,1.0,2.6,6385016,290983,305357,14937718,1
R,draws,ARM,0.2,475.9,1511.5,0,14.7,14.8,4428,2066,2792,143489,0,0.0,0.0,5663867,0,179218,14688291,2
R,draws,GPU,2.1,1127.9,2656.9,0,13.8,13.9,10488,4655,6272,0,0,1.0,2.9,5428920,324646,181972,13832863,1
R,draws,GPU+WC,4.5,1128.4,2657.3,0,13.8,13.9,10488,4655,6272,0,0,1.0,2.9,5426787,324657,58964,13825994,2
R,quad_flat,ARM,0.2,11.7,24.8,0,14.7,14.7,20,20,40,576000,0,0.0,0.0,6428617,0,158515,14663999,1
R,quad_flat,GPU,2.1,28.7,60.4,0,13.1,13.2,44,44,88,0,0,1.0,11.7,1640607,1312397,29431,13135902,1
R,quad_flat,GPU+AA,2.1,28.5,59.0,0,13.2,13.2,44,44,88,0,0,1.0,11.8,1672005,1327013,30862,13238236,1
R,quad_smooth,ARM,0.2,6.2,13.4,0,16.1,16.1,12,12,24,345600,0,0.0,0.0,9249116,0,142339,16098135,1
R,quad_smooth,GPU,2.1,171.8,361.1,0,15.3,15.3,312,312,624,0,0,1.0,12.8,2200649,1444577,44866,15275420,1
R,quad_tex,ARM,0.2,3.4,7.4,0,14.9,14.9,6,6,12,172800,0,0.0,0.0,7425079,0,135580,14853996,1
R,quad_tex,GPU,2.1,111.3,234.9,0,13.5,13.6,176,176,352,0,0,1.0,11.6,1838960,1308362,35048,13528364,1
R,quad_tex,GPU+WC,4.5,111.3,234.9,0,13.5,13.6,176,176,352,0,0,1.0,11.6,1835032,1306611,5902,13525275,1
R,quad_tex,GPU+T16,5.2,112.3,236.6,0,13.4,13.4,176,176,352,0,0,1.0,11.5,1822405,1296027,34752,13400888,1
R,quad_tex,GPU+FS2,5.3,148.2,313.3,0,13.5,13.5,234,234,468,0,0,1.0,11.4,1901147,1285041,37499,13504999,1
R,quad_alpha,ARM,0.2,3.5,7.6,0,14.4,14.5,6,6,12,161520,0,0.0,0.0,7198448,0,135251,14439091,1
R,quad_alpha,GPU,2.1,105.1,221.7,0,14.2,14.3,176,176,352,0,0,1.0,12.3,1918987,1387225,35150,14231215,1
R,quad_screen,ARM,0.2,14.2,29.0,0,15.4,15.4,26,26,52,374400,0,0.0,0.0,4537935,0,171230,15378591,1
R,quad_screen,GPU,2.1,160.6,337.6,0,16.2,16.3,312,312,624,0,0,1.0,14.1,2259949,1584201,41213,16238314,1
R,quad_texscreen,ARM,0.2,2.0,6.4,0,11.8,11.8,4,4,8,53880,0,0.0,0.0,5984151,0,128367,11799176,1
R,quad_texscreen,GPU,2.1,102.2,215.8,0,14.6,14.6,176,176,352,0,0,1.0,12.7,1960551,1424819,35215,14590142,1
R,texswap,ARM,0.2,88.8,1304.8,0,16.6,16.7,176,176,352,128109,0,0.0,0.0,6970811,0,182406,16631960,3
R,texswap,GPU,2.1,1398.0,3742.3,0,14.8,14.8,2330,2046,4092,0,0,1.0,5.3,4449773,595710,146519,14766635,2
R,split,ARM,0.2,14.1,30.3,0,15.5,15.5,4992,1950,2912,188870,0,0.0,0.0,6439995,0,185897,15488331,1
R,split,GPU,2.1,5.4,10.5,0,15.3,15.3,1920,748,1120,0,0,5.0,11.3,2475833,1247633,163937,15301574,1
R,split,GPU+Q,4.1,5.4,10.5,0,15.3,15.3,1920,748,1120,0,0,5.0,11.3,2481699,1249303,163632,15304247,1
R,split,GPU+2D,4.8,44.9,97.2,0,14.4,15.0,14592,5669,8512,0,0,1.0,3.8,5711372,431051,202129,14438978,1
R,match,ARM,0.2,-1,1.4,0,30.9,30.9,6272,3442,3542,142521,0,0.0,0.0,13667046,0,292504,30904726,0
R,match,GPU,2.1,-1,5.1,0,17.3,17.3,6272,3443,3542,0,0,2.0,2.3,5802990,257768,232210,17263186,1
R,match,GPU+AA,2.1,-1,5.0,0,17.9,18.0,6272,3443,3542,0,0,2.0,2.9,5929378,323205,236833,17949220,1
R,match,GPU+Q,4.1,-1,5.2,0,17.8,17.8,6272,3443,3542,0,0,1.0,3.2,5856577,362662,206725,17754972,1
R,match,GPU+WC,4.5,-1,5.1,0,17.3,17.3,6272,3443,3542,0,0,2.0,2.3,5801741,254314,58196,17275236,1
R,match,GPU+2D,4.8,-1,5.1,0,17.5,17.7,6272,3443,3542,0,0,2.0,2.5,5813254,274498,232933,17449750,1
R,match,GPU+T16,5.2,-1,5.2,0,17.4,17.5,6272,3443,3542,0,0,2.0,2.5,5823379,273837,232279,17446124,1
R,match,GPU+FS2,5.3,-1,5.2,0,17.2,17.3,6272,3443,3542,0,0,2.0,2.3,5800142,252676,232123,17245468,1
R,queue,GPU,2.1,88.3,260.8,0,16.6,16.7,8448,3443,4928,0,0,1.0,1.3,9343438,147059,141924,16637366,2
R,queue,GPU+Q,4.1,100.6,291.9,0,15.6,15.6,8448,3443,4928,0,0,1.0,6.6,9198700,60,142367,15595538,2
R,big,ARM,0.2,-1,-1,0,80.4,80.5,24192,18488,12337,158503,0,0.0,0.0,31033206,0,702541,80375152,0
R,big,GPU,2.1,-1,-1,0,58.5,58.6,24192,18487,12337,0,0,1.0,6.5,20674468,731273,917302,58512156,0
R,big,GPU+Q,4.1,-1,-1,0,58.5,58.6,24192,18487,12337,0,0,1.0,6.5,20678032,730530,917290,58515024,0
R,big_logic,ARM,0.2,-1,-1,0,86.9,87.1,24192,18488,12337,158503,0,0.0,0.0,36249344,0,705522,86901344,0
R,big_logic,GPU,2.1,-1,-1,0,65.1,65.1,24192,18487,12337,0,0,1.0,6.5,25894792,733384,918193,65069648,0
R,big_logic,GPU+Q,4.1,-1,-1,0,58.5,58.6,24192,18487,12337,0,0,1.0,6.6,25161552,60,917324,58536656,0
R,gpu2d,ARM,0.2,1647.7,3884.0,0,15.0,16.0,576,226,336,43826,0,0.0,0.0,9100918,0,166028,15959011,2
R,gpu2d,GPU,2.1,1940.6,4170.5,0,13.8,13.8,576,226,336,0,0,1.0,0.3,8247514,34577,74351,13768531,1
R,gpu2d,GPU+2D,4.8,1949.0,4177.7,0,13.6,14.5,576,226,336,0,0,1.0,7.0,3989821,893438,330811,13582444,1
R,bilinear,GPU,2.1,109.7,231.5,0,13.7,13.8,176,176,352,0,0,1.0,11.8,1855650,1327162,34909,13701986,1
total 124 s
